File created on 2020-11-05T09:40:27.048232
File created on 2016-01-15T21:37:02.708897
#COOR
GSM


#START
2011 08 05 04 00 01 000        0.00      -2.32      -0.29    -415.49     -36.13     -12.17       6.75   46830.57
2011 08 05 04 05 01 000        0.00      -1.51      -0.30    -416.30     -42.20     -17.98       6.68   50039.06
2011 08 05 04 10 01 000        0.00      -2.18      -0.34    -413.37     -30.12     -27.57       6.13   50657.11
2011 08 05 04 15 01 000        0.00      -2.30      -0.42    -412.85     -30.28     -27.07       6.78   51773.49
2011 08 05 04 20 01 000        0.00      -2.69       0.47    -413.16     -28.82     -22.39       6.70   52915.67
2011 08 05 04 25 01 000        0.00      -3.77       1.15    -409.40     -27.90     -30.98       5.53   56587.35
2011 08 05 04 30 01 000        0.00      -3.52       2.15    -407.91     -37.39     -28.31       5.67   49071.55
2011 08 05 04 35 01 000        0.00      -2.98       4.31    -401.70     -42.95     -26.26       6.05   34316.21
2011 08 05 04 40 01 000        0.00      -3.28       4.53    -397.89     -47.70     -28.71       5.82   36636.80
2011 08 05 04 45 01 000        0.00      -3.47       4.55    -402.39     -45.42     -24.85       5.73   40441.80
2011 08 05 04 50 01 000        0.00      -3.67       4.47    -402.84     -43.70     -25.64       5.64   43173.32
2011 08 05 04 55 01 000        0.00      -3.84       3.64    -401.72     -44.15     -25.27       5.38   51357.12
2011 08 05 05 00 01 000        0.00      -3.79       3.67    -402.11     -43.66     -23.56       5.41   50145.92
2011 08 05 05 05 01 000        0.00      -4.02       3.80    -399.11     -47.19     -26.59       5.52   39543.53
2011 08 05 05 10 01 000        0.00      -4.09       4.10    -397.72     -47.39     -26.87       5.41   34015.06
2011 08 05 05 15 01 000        0.00      -4.27       3.68    -396.63     -48.32     -27.86       5.50   46625.05
2011 08 05 05 20 01 000        0.00      -4.55       2.82    -391.66     -46.81     -33.55       5.46   54954.40
2011 08 05 05 25 01 000        0.00      -4.34       2.64    -392.82     -43.08     -32.23       5.65   54675.73
2011 08 05 05 30 01 000        0.00      -3.62       1.68    -399.22     -40.79     -27.29       6.01   67395.56
2011 08 05 05 35 01 000        0.00      -3.13       0.57    -402.73     -34.00     -23.25       6.04   72319.41
2011 08 05 05 40 01 000        0.00      -3.78       1.36    -403.98     -37.54     -21.36       5.59   66656.73
2011 08 05 05 45 01 000        0.00      -4.01       2.19    -402.66     -47.01     -21.15       5.25   70044.77
2011 08 05 05 50 01 000        0.00      -3.86       2.45    -399.67     -48.88     -17.93       5.76   57986.32
2011 08 05 05 55 01 000        0.00      -4.04       3.54    -398.85     -52.08     -17.12       5.52   37298.58
2011 08 05 06 00 01 000        0.00      -3.34       3.47    -398.93     -51.19     -17.29       5.63   58608.64
2011 08 05 06 05 01 000        0.00      -2.57       3.31    -401.91     -52.66     -15.14       5.83   73622.57
2011 08 05 06 10 01 000        0.00      -2.41       4.28    -407.62     -56.89      -6.01       4.38   52469.70
2011 08 05 06 15 01 000        0.00      -2.23       4.40    -408.56     -51.01       2.89       4.23   54246.80
2011 08 05 06 20 01 000        0.00      -1.83       4.40    -412.37     -46.90       3.48       4.63   56248.25
2011 08 05 06 25 01 000        0.00      -1.14       4.42    -419.93     -42.90       6.63       4.01   38580.98
2011 08 05 06 30 01 000        0.00      -0.81       4.05    -425.24     -42.76       8.93       3.81   31495.31
2011 08 05 06 35 01 000        0.00      -0.88       3.85    -431.37     -42.81       5.69       3.77   29125.45
2011 08 05 06 40 01 000        0.00      -0.93       3.84    -433.78     -36.62       3.01       3.66   25936.61
2011 08 05 06 45 01 000        0.00      -1.33       3.67    -429.79     -43.90       4.17       3.42   27782.26
2011 08 05 06 50 01 000        0.00      -1.55       3.61    -425.31     -48.84       4.11       3.51   28564.42
2011 08 05 06 55 01 000        0.00      -1.78       4.04    -423.61     -49.80       4.37       3.73   28623.62
2011 08 05 07 00 01 000        0.00      -1.60       4.03    -423.33     -46.43       7.14       3.52   27676.44
2011 08 05 07 05 01 000        0.00      -1.42       3.83    -426.30     -40.15       4.75       3.58   28787.84
2011 08 05 07 10 01 000        0.00      -1.37       3.35    -426.38     -48.78       3.41       3.85   40969.94
2011 08 05 07 15 01 000        0.00      -0.03       2.73    -424.99     -35.72       4.28       4.25   41571.44
2011 08 05 07 20 01 000        0.00       0.12       3.03    -428.26     -26.60       3.56       4.23   35462.58
2011 08 05 07 25 01 000        0.00      -0.51       3.08    -431.61     -32.32       0.41       3.80   36908.99
2011 08 05 07 30 01 000        0.00      -0.31       2.87    -435.13     -21.49      -3.10       3.58   34190.76
2011 08 05 07 35 01 000        0.00      -0.09       2.82    -436.03     -21.78      -3.32       3.34   34742.85
2011 08 05 07 40 01 000        0.00       0.46       2.50    -433.33     -23.50      -3.04       3.22   36331.81
2011 08 05 07 45 01 000        0.00       0.36       2.22    -431.74     -21.78      -2.21       3.26   34729.58
2011 08 05 07 50 01 000        0.00       0.48       2.17    -431.90     -20.68      -6.23       3.33   33068.59
2011 08 05 07 55 01 000        0.00       0.61       2.30    -430.27     -21.22      -7.63       3.28   36522.06
2011 08 05 08 00 01 000        0.00       0.47       2.22    -428.20     -25.70      -3.05       3.26   38966.41
2011 08 05 08 05 01 000        0.00       1.26       2.25    -427.73     -19.50      -3.12       3.56   33126.46
2011 08 05 08 10 01 000        0.00       1.75       2.14    -425.62     -17.92      -7.39       3.80   31001.38
2011 08 05 08 15 01 000        0.00       1.96       1.89    -423.44     -19.12     -11.11       4.01   29685.43
2011 08 05 08 20 01 000        0.00       1.58       1.97    -424.11     -22.41     -12.09       4.07   26193.98
2011 08 05 08 25 01 000        0.00       1.63       1.99    -423.58     -23.29     -12.42       3.95   26555.67
2011 08 05 08 30 01 000        0.00       2.42       2.26    -420.52     -11.41     -10.29       3.97   29809.54
2011 08 05 08 35 01 000        0.00       1.65       2.09    -421.98     -17.11     -11.22       3.80   29039.27
2011 08 05 08 40 01 000        0.00       0.86       1.69    -426.02     -25.89     -13.16       3.48   25478.45
2011 08 05 08 45 01 000        0.00       1.58       1.97    -424.01     -17.67     -13.45       3.45   29507.22
2011 08 05 08 50 01 000        0.00       2.50       1.97    -420.39     -13.49     -19.45       3.76   31419.35
2011 08 05 08 55 01 000        0.00       2.40       1.95    -422.39     -16.37     -18.36       3.77   28411.77
2011 08 05 09 00 01 000        0.00       2.08       1.94    -422.86     -16.70     -18.21       3.69   33094.94
2011 08 05 09 05 01 000        0.00       2.08       1.63    -419.54     -15.47     -28.95       3.76   34023.17
2011 08 05 09 10 01 000        0.00       1.84       1.85    -421.09     -18.69     -26.38       3.61   30671.84
2011 08 05 09 15 01 000        0.00       1.26       2.00    -426.07     -17.64     -18.93       4.05   41941.17
2011 08 05 09 20 01 000        0.00       1.34       1.88    -428.31     -18.11     -19.50       4.33   50117.16
2011 08 05 09 25 01 000        0.00       0.91       2.13    -429.97     -19.33     -15.45       4.07   45085.64
2011 08 05 09 30 01 000        0.00      -0.98       2.32    -432.08      -9.64     -16.43       4.25   49979.96
2011 08 05 09 35 01 000        0.00       0.20       2.47    -430.56     -10.06     -21.99       3.86   53810.58
2011 08 05 09 40 01 000        0.00       2.05       2.76    -431.18     -13.88     -21.33       3.25   47145.11
2011 08 05 09 45 01 000        0.00       1.19       2.86    -434.74     -10.91     -21.66       3.07   51712.04
2011 08 05 09 50 01 000        0.00       1.25       2.76    -432.97     -13.14     -25.08       3.00   68296.31
2011 08 05 09 55 01 000        0.00       1.31       2.63    -430.79     -15.42     -29.78       3.13   75559.06
2011 08 05 10 00 01 000        0.00       1.02       2.48    -432.75     -13.49     -29.52       3.08   65724.33
2011 08 05 10 05 01 000        0.00       1.15       2.28    -435.45      -8.77     -26.23       3.05   61378.75
2011 08 05 10 10 01 000        0.00       0.93       2.11    -434.44     -10.76     -31.48       2.96   54751.37
2011 08 05 10 15 01 000        0.00       1.26       1.91    -430.48     -10.96     -33.68       2.96   38534.17
2011 08 05 10 20 01 000        0.00       1.61       1.78    -428.77      -6.42     -29.88       3.30   45698.39
2011 08 05 10 25 01 000        0.00       1.67       1.75    -428.11      -4.85     -34.84       3.47   59295.96
2011 08 05 10 30 01 000        0.00       2.54       1.40    -422.46      -2.18     -38.01       3.25   48010.06
2011 08 05 10 35 01 000        0.00       2.63       1.75    -421.70      -5.85     -28.76       3.04   41585.61
2011 08 05 10 40 01 000        0.00       2.00       2.12    -430.60      -8.57     -23.95       3.56   64678.71
2011 08 05 10 45 01 000        0.00       2.36       1.67    -431.89     -10.41     -28.82       3.87   75776.89
2011 08 05 10 50 01 000        0.00       2.69       1.59    -430.75      -9.57     -28.00       3.64   62454.27
2011 08 05 10 55 01 000        0.00       2.90       1.45    -431.05      -1.27     -25.66       3.64   55390.08
2011 08 05 11 00 01 000        0.00       2.88       1.47    -429.70      -3.37     -25.74       3.55   52761.14
2011 08 05 11 05 01 000        0.00       2.56       1.76    -432.44      -5.34     -22.51       3.52   53404.68
2011 08 05 11 10 01 000        0.00       2.65       1.73    -432.05      -5.56     -23.84       3.56   55189.43
2011 08 05 11 15 01 000        0.00       2.55       1.68    -431.19      -8.02     -24.68       3.58   54106.22
2011 08 05 11 20 01 000        0.00       2.35       1.68    -429.47      -6.74     -26.66       3.66   59963.22
2011 08 05 11 25 01 000        0.00       1.96       1.96    -426.76      -7.42     -31.14       3.56   60189.55
2011 08 05 11 30 01 000        0.00       1.82       1.92    -427.30      -2.08     -22.53       3.32   49481.61
2011 08 05 11 35 01 000        0.00       2.30       1.59    -422.16      -4.20     -22.95       2.86   40622.57
2011 08 05 11 40 01 000        0.00       2.28       1.70    -419.58      -8.93     -29.32       2.70   36323.79
2011 08 05 11 45 01 000        0.00       2.23       1.77    -424.15      -2.61     -24.48       3.28   49360.96
2011 08 05 11 50 01 000        0.00       2.24       1.55    -425.12      -4.26     -28.34       3.64   58014.92
2011 08 05 11 55 01 000        0.00       1.83       1.58    -424.82      -3.61     -29.03       3.46   47742.40
2011 08 05 12 00 01 000        0.00       1.83       1.77    -424.93      -2.10     -24.88       3.46   48623.53
2011 08 05 12 05 01 000        0.00       1.86       1.63    -422.84      -5.48     -28.14       3.45   47948.63
2011 08 05 12 10 01 000        0.00       1.46       1.75    -423.90       0.23     -25.06       3.73   49157.98
2011 08 05 12 15 01 000        0.00       1.63       2.05    -424.97       2.84     -21.77       4.04   58558.87
2011 08 05 12 20 01 000        0.00       2.02       1.98    -419.52      -0.45     -26.64       3.45   49008.60
2011 08 05 12 25 01 000        0.00       2.00       1.97    -416.27      -1.68     -28.04       3.04   40761.38
2011 08 05 12 30 01 000        0.00       2.09       2.13    -417.86      -1.22     -27.22       3.31   43117.54
2011 08 05 12 35 01 000        0.00       2.08       2.15    -418.44      -1.49     -29.41       3.46   45738.88
2011 08 05 12 40 01 000        0.00       2.06       2.32    -420.16      -1.57     -31.00       3.57   41260.30
2011 08 05 12 45 01 000        0.00       1.85       2.50    -421.12       1.28     -30.89       3.87   39406.25
2011 08 05 12 50 01 000        0.00       1.72       1.69    -421.34      -0.78     -20.91       3.94   50785.22
2011 08 05 12 55 01 000        0.00       2.07       1.04    -424.07       1.90     -16.40       4.23   62549.45
2011 08 05 13 00 01 000        0.00       2.03       1.46    -424.36       1.70     -20.54       4.47   80986.00
2011 08 05 13 05 01 000        0.00       1.67       2.04    -427.63       2.05     -19.22       3.87   74621.24
2011 08 05 13 10 01 000        0.00       1.09       2.75    -434.19      17.61     -27.04       3.48   48111.27
2011 08 05 13 15 01 000        0.00       0.69       3.21    -434.89      15.63     -24.33       3.09   45018.03
2011 08 05 13 20 01 000        0.00       0.64       3.43    -433.04      11.91     -15.56       3.09   50744.04
2011 08 05 13 25 01 000        0.00       0.52       3.57    -433.35      14.42     -19.60       3.42   50703.92
2011 08 05 13 30 01 000        0.00       0.93       3.28    -433.21       7.89     -18.84       2.92   41672.34
2011 08 05 13 35 01 000        0.00       1.52       3.01    -431.74      10.70     -21.99       3.00   43000.11
2011 08 05 13 40 01 000        0.00       0.97       3.25    -434.31       7.72     -23.06       3.36   45640.29
2011 08 05 13 45 01 000        0.00       0.01       3.62    -433.21      -1.10     -12.66       3.31   40566.15
2011 08 05 13 50 01 000        0.00       0.80       3.12    -429.35      -8.02      -7.78       3.55   46506.05
2011 08 05 13 55 01 000        0.00       2.69       1.94    -432.44     -10.84      -9.06       3.51   46057.37
2011 08 05 14 00 01 000        0.00       3.18       1.79    -432.34      -5.78      -9.61       3.29   42225.21
2011 08 05 14 05 01 000        0.00       2.73       2.29    -429.71      -4.46     -10.65       3.35   43356.96
2011 08 05 14 10 01 000        0.00       2.71       2.34    -428.12       3.71     -12.82       3.45   47114.23
2011 08 05 14 15 01 000        0.00       1.77       2.32    -426.79       7.66     -11.45       3.44   53822.76
2011 08 05 14 20 01 000        0.00       0.16       2.25    -429.75       3.82      -6.92       3.84   53421.30
2011 08 05 14 25 01 000        0.00       0.03       2.43    -432.53       4.81      -3.94       4.41   50659.05
2011 08 05 14 30 01 000        0.00       0.58       2.21    -432.45       3.49      -1.98       4.48   54445.97
2011 08 05 14 35 01 000        0.00       0.81       1.93    -432.47       5.86      -2.25       4.39   49863.30
2011 08 05 14 40 01 000        0.00       0.69       2.10    -431.07       4.44      -5.28       4.16   47161.77
2011 08 05 14 45 01 000        0.00      -0.05       1.83    -427.51       2.92      -4.57       4.23   62099.38
2011 08 05 14 50 01 000        0.00       0.06       2.23    -426.15       5.50      -4.01       4.64   63183.04
2011 08 05 14 55 01 000        0.00       0.36       2.50    -425.63       3.26      -7.28       4.39   62625.98
2011 08 05 15 00 01 000        0.00       0.07       2.04    -425.48       3.37      -8.55       4.39   67525.50
2011 08 05 15 05 01 000        0.00       0.34       2.16    -423.48       0.23     -13.22       4.61   66471.84
2011 08 05 15 10 01 000        0.00       0.27       2.26    -422.53       0.83     -15.69       4.06   75926.17
2011 08 05 15 15 01 000        0.00       0.79       2.22    -423.44       1.89     -14.45       3.82   71693.83
2011 08 05 15 20 01 000        0.00       0.41       1.94    -416.78      -2.65     -16.70       4.05   63698.81
2011 08 05 15 25 01 000        0.00      -2.17       1.84    -407.75       2.41     -18.40       4.17   71088.79
2011 08 05 15 30 01 000        0.00      -3.31       1.47    -400.83       2.44     -22.20       4.15   79876.05
2011 08 05 15 35 01 000        0.00      -3.41       0.30    -397.81      -3.27     -23.41       3.81   89876.06
2011 08 05 15 40 01 000        0.00      -3.04      -0.09    -395.54      -2.28     -27.31       3.55   79537.71
2011 08 05 15 45 01 000        0.00      -2.13       0.03    -393.92       0.96     -27.85       3.96   63008.25
2011 08 05 15 50 01 000        0.00      -1.93       0.52    -393.23       2.36     -16.49       4.20   68280.30
2011 08 05 15 55 01 000        0.00      -2.12       0.98    -387.78      -1.16     -15.15       3.73   73788.47
2011 08 05 16 00 01 000        0.00      -1.79       0.64    -389.18      -5.03     -16.97       3.71   71887.87
2011 08 05 16 05 01 000        0.00      -1.48       0.48    -394.40      -3.92     -16.42       3.89   69959.12
2011 08 05 16 10 01 000        0.00      -1.58       0.46    -395.61      -0.85     -19.16       4.38   69643.69
2011 08 05 16 15 01 000        0.00      -1.40       0.70    -396.07      -2.31     -22.99       4.63   70230.74
2011 08 05 16 20 01 000        0.00      -2.17       1.32    -394.97      -0.02     -21.38       3.39   59590.92
2011 08 05 16 25 01 000        0.00      -2.41       1.55    -395.48       1.84     -11.89       3.31   57177.49
2011 08 05 16 30 01 000        0.00      -1.85       1.13    -394.00      -6.83     -13.38       4.02   67717.66
2011 08 05 16 35 01 000        0.00      -1.67       0.88    -392.43      -7.48     -14.90       4.22   64242.66
2011 08 05 16 40 01 000        0.00      -1.58       1.19    -392.87      -1.31     -10.72       4.46   61483.62
2011 08 05 16 45 01 000        0.00      -2.87       0.96    -392.90      -0.15     -14.94       3.42   54727.31
2011 08 05 16 50 01 000        0.00      -3.36       0.91    -394.04       0.42     -14.18       2.88   46717.76
2011 08 05 16 55 01 000        0.00      -3.02       1.24    -393.23       2.97      -9.32       3.28   56414.45
2011 08 05 17 00 01 000        0.00      -3.12       1.12    -393.76       6.14      -8.74       3.29   58582.50
2011 08 05 17 05 01 000        0.00      -3.08       0.94    -393.56       6.30     -11.07       3.42   49007.21
2011 08 05 17 10 01 000        0.00      -3.19       1.06    -393.89       8.25     -11.09       3.48   50519.82
2011 08 05 17 15 01 000        0.00      -2.60       1.38    -399.73      10.81     -11.10       3.47   52092.19
2011 08 05 17 20 01 000        0.00      -2.42       1.19    -402.42       9.25     -16.75       3.38   45187.13
2011 08 05 17 25 01 000        0.00      -2.59       1.19    -399.55       7.06     -13.05       3.63   45437.89
2011 08 05 17 30 01 000        0.00      -2.61       1.35    -395.52       0.88     -11.81       4.28   45046.19
2011 08 05 17 35 01 000        0.00      -2.89       1.22    -395.24      -4.18     -16.74       4.23   41592.76
2011 08 05 17 40 01 000        0.00      -2.65       1.57    -397.06      -2.69     -13.72       4.14   42420.87
2011 08 05 17 45 01 000        0.00      -2.66       1.60    -397.26      -4.93     -16.29       4.37   41894.15
2011 08 05 17 50 01 000        0.00      -2.58       1.72    -396.90      -6.13     -12.39       4.14   41583.22
2011 08 05 17 55 01 000        0.00      -2.57       1.64    -403.13      -5.03     -13.49       4.69   44148.53
2011 08 05 18 00 01 000        0.00      -2.35       1.09    -403.35      -6.30     -18.02       5.01   51509.13
2011 08 05 18 05 01 000        0.00      -2.61       1.21    -407.39      -8.83     -13.09       5.19   55869.75
2011 08 05 18 10 01 000        0.00      -3.38       0.75    -420.00     -11.27     -18.28       6.09   54827.28
2011 08 05 18 15 01 000        0.00      -2.59       0.73    -411.89      -9.78      -8.69       5.55   45751.94
2011 08 05 18 20 01 000        0.00      -5.55       1.49    -434.37     -18.83     -41.38       7.69   53041.96
2011 08 05 18 25 01 000        0.00      -9.53       0.88    -464.45     -23.73     -95.86      12.60  114087.95
2011 08 05 18 30 01 000        0.00      -8.72      -0.18    -460.79     -33.62     -97.89      14.29  132942.03
2011 08 05 18 35 01 000        0.00      -7.29      -0.50    -462.69     -36.84    -110.50      13.64  128583.90
2011 08 05 18 40 01 000        0.00      -3.18       0.71    -456.27     -11.48    -105.64      18.03  196141.26
2011 08 05 18 45 01 000        0.00      -0.40       1.94    -453.86     -26.28     -91.61      20.97  183531.51
2011 08 05 18 50 01 000        0.00      -5.80       0.30    -452.41     -35.11     -96.20      16.09  122787.89
2011 08 05 18 55 01 000        0.00      -8.02      -1.60    -454.67     -20.04     -95.10      16.81  139531.50
2011 08 05 19 00 01 000        0.00      -6.89      -3.46    -464.49     -15.94    -101.92      14.85  123632.15
2011 08 05 19 05 01 000        0.00      -6.24      -8.11    -471.60      11.62     -99.17      11.78  122505.79
2011 08 05 19 10 01 000        0.00       0.44      -7.53    -485.51      18.76     -91.11      13.90  163170.60
2011 08 05 19 15 01 000        0.00       2.81      -5.98    -493.27      21.88     -67.80      17.00  136875.94
2011 08 05 19 20 01 000        0.00      12.38      -7.39    -526.84      12.73     -86.01      28.13  213670.39
2011 08 05 19 25 01 000        0.00      29.66       1.97    -579.32     -13.15    -115.11      26.14  351631.57
2011 08 05 19 30 01 000        0.00      31.19       3.12    -600.29       3.35     -82.97      19.39  339824.86
2011 08 05 19 35 01 000        0.00      28.18      -5.80    -593.08      -3.40     -84.80      21.72  309005.33
2011 08 05 19 40 01 000        0.00      26.04      -7.01    -578.82      -9.32     -92.51      19.09  288535.60
2011 08 05 19 45 01 000        0.00      23.07      -8.27    -584.72      18.21     -92.43      17.38  256166.76
2011 08 05 19 50 01 000        0.00      22.87      -6.26    -621.65      28.89     -94.27      23.46  222060.76
2011 08 05 19 55 01 000        0.00      23.35      -4.73    -624.43      23.30     -95.04      32.64  209872.74
2011 08 05 20 00 01 000        0.00      28.88       3.75    -603.69       7.25    -103.39      20.91  252650.51
2011 08 05 20 05 01 000        0.00      35.83       2.13    -622.08      18.48     -70.22       7.75  230443.68
2011 08 05 20 10 01 000        0.00       8.17     -18.11    -618.69      32.07     -73.22      25.45  138207.63
2011 08 05 20 15 01 000        0.00     -19.79     -11.77    -612.35      23.88     -89.29      38.54  123856.90
2011 08 05 20 20 01 000        0.00       6.88      -7.60    -617.23      28.05     -73.47      34.49  189222.82
2011 08 05 20 25 01 000        0.00       9.71      -3.42    -606.31      40.11     -59.68      48.19  232958.84
2011 08 05 20 30 01 000        0.00     -14.15      11.70    -612.47      43.10     -41.15      58.35  234631.00
2011 08 05 20 35 01 000        0.00     -10.52       3.26    -598.88      43.23     -66.53      47.29  231720.68
2011 08 05 20 40 01 000        0.00      -5.27       7.45    -582.80      50.75     -82.30      50.61  261769.61
2011 08 05 20 45 01 000        0.00       7.42       6.92    -581.10      22.31     -80.55      37.62  218456.95
2011 08 05 20 50 01 000        0.00      22.90     -10.32    -579.15     -11.73     -98.95       8.48  185148.14
2011 08 05 20 55 01 000        0.00      26.19      -7.15    -590.76     -24.23     -95.76       8.19  271628.05
2011 08 05 21 00 01 000        0.00      26.13      -5.39    -592.10     -36.16     -80.52      12.92  222630.36
2011 08 05 21 05 01 000        0.00      16.26     -15.15    -581.96     -22.68     -75.88       9.68  252199.58
2011 08 05 21 10 01 000        0.00      10.40     -20.32    -574.09      -8.70     -79.11       5.51  390158.76
2011 08 05 21 15 01 000        0.00      17.71     -16.83    -574.05     -11.16     -71.41       5.70  395161.79
2011 08 05 21 20 01 000        0.00      13.76     -18.04    -572.01     -21.88     -65.51       7.38  472249.61
2011 08 05 21 25 01 000        0.00      14.24     -19.69    -572.36     -20.25     -69.22       6.39  367262.78
2011 08 05 21 30 01 000        0.00      19.25     -17.63    -582.36     -34.92     -60.73       7.64  238870.07
2011 08 05 21 35 01 000        0.00       2.09     -20.06    -598.16     -47.30     -38.96       7.46  336669.13
2011 08 05 21 40 01 000        0.00      -5.34     -19.32    -619.68      11.40     -29.29       8.87  295045.80
2011 08 05 21 45 01 000        0.00      -2.65     -18.60    -626.04      35.66     -28.47      10.54  282433.90
2011 08 05 21 50 01 000        0.00      -9.74     -17.63    -616.10      24.93     -25.04      10.15  253297.21
2011 08 05 21 55 01 000        0.00     -10.91     -15.87    -613.47      26.34     -24.35      12.13  221176.77
2011 08 05 22 00 01 000        0.00     -10.94     -16.18    -620.30       8.67     -19.89      13.21  312813.55
2011 08 05 22 05 01 000        0.00     -11.99     -14.12    -624.85      18.32     -20.30      13.61  256810.86
2011 08 05 22 10 01 000        0.00     -11.89     -12.72    -624.61      22.20     -19.86      14.03  206737.00
2011 08 05 22 15 01 000        0.00     -13.94     -12.00    -624.94      12.90     -30.71      13.74  233171.16
2011 08 05 22 20 01 000        0.00     -14.03     -11.51    -632.18      13.76     -48.25      14.01  186200.71
2011 08 05 22 25 01 000        0.00     -13.35     -13.09    -619.64      -1.20     -51.40      12.43  166552.70
2011 08 05 22 30 01 000        0.00     -12.80     -13.09    -606.81      -0.07     -51.41      12.92  189241.89
2011 08 05 22 35 01 000        0.00     -12.00     -13.07    -604.10      16.55     -44.16      14.68  142727.33
2011 08 05 22 40 01 000        0.00     -10.37     -14.91    -575.34      37.50     -33.44      10.28  263257.32
2011 08 05 22 45 01 000        0.00      -9.06     -13.53    -569.82      28.02     -30.54       7.67  389418.99
2011 08 05 22 50 01 000        0.00     -10.80     -16.57    -552.98      12.71     -67.06       8.72  310284.26
2011 08 05 22 55 01 000        0.00     -15.78     -10.89    -565.44      20.90     -49.65       8.75  412349.22
2011 08 05 23 00 01 000        0.00     -19.90       8.64    -648.10     -40.83      21.43      12.08  374692.38
2011 08 05 23 05 01 000        0.00     -19.79      13.43    -643.05     -46.99       6.17      12.78  250739.49
2011 08 05 23 10 01 000        0.00     -16.23      15.04    -591.50      21.64      -7.55       8.79  280305.93
2011 08 05 23 15 01 000        0.00     -12.44      20.21    -560.56       3.04      -3.45       7.05  199080.78
2011 08 05 23 20 01 000        0.00     -11.60      19.29    -544.86     -10.82     -22.09       6.92  184778.44
2011 08 05 23 25 01 000        0.00     -10.15      18.30    -556.41      -8.37     -26.29       6.73  189645.48
2011 08 05 23 30 01 000        0.00     -10.04      18.35    -558.57      -9.55     -22.33       5.82  186858.66
2011 08 05 23 35 01 000        0.00     -11.11      19.01    -562.21       4.73     -12.67       4.92  200407.49
2011 08 05 23 40 01 000        0.00      -6.77      19.36    -567.23      -7.91     -16.27       5.98  210242.40
2011 08 05 23 45 01 000        0.00      -5.83      19.79    -564.88      -7.21     -26.35       7.34  241732.54
2011 08 05 23 50 01 000        0.00     -11.96      15.42    -555.38     -32.87     -53.13       6.72  256932.27
2011 08 05 23 55 01 000        0.00     -16.25       9.37    -535.90     -47.65     -83.35       9.31  280886.28
2011 08 06 00 00 01 000        0.00     -16.62       5.73    -544.56     -14.89     -62.78      14.25  291848.33
2011 08 06 00 05 01 000        0.00      -8.74       9.03    -576.42      -9.93     -18.49      13.53  348919.27
2011 08 06 00 10 01 000        0.00       3.47      17.16    -568.31       3.71     -10.14      11.80  409502.91
2011 08 06 00 15 01 000        0.00      15.40      13.55    -558.80      -4.55     -22.60      11.22  410006.77
2011 08 06 00 20 01 000        0.00      23.78       5.92    -563.29     -15.16     -22.12       9.75  376714.89
2011 08 06 00 25 01 000        0.00      22.15      -0.81    -563.23      -8.10     -15.30       9.86  401109.06
2011 08 06 00 30 01 000        0.00      19.42      -6.24    -591.62     -19.54       7.64       8.92  435710.43
2011 08 06 00 35 01 000        0.00      15.75      -7.24    -604.89       9.89      26.30       7.73  421359.18
2011 08 06 00 40 01 000        0.00       5.66     -12.31    -602.52      26.87      18.68       8.13  372526.32
2011 08 06 00 45 01 000        0.00      -5.33     -14.11    -598.84      33.44      11.75       8.52  384771.57
2011 08 06 00 50 01 000        0.00     -10.11     -10.61    -585.67      53.35      12.47       9.77  570965.72
2011 08 06 00 55 01 000        0.00      -8.28     -11.46    -589.78      44.60      10.22       9.58  568326.97
2011 08 06 01 00 01 000        0.00      -6.23     -10.94    -594.95      47.78      14.91       8.75  459008.43
2011 08 06 01 05 01 000        0.00      -1.89      -5.55    -599.42      61.51      27.98       9.19  458145.33
2011 08 06 01 10 01 000        0.00      -0.61      -4.14    -599.03      73.15      38.06       8.83  399356.87
2011 08 06 01 15 01 000        0.00      -2.03      -5.92    -597.93      78.83      48.42       8.61  367185.76
2011 08 06 01 20 01 000        0.00       0.98      -5.22    -605.14      85.18      45.14       8.39  390858.95
2011 08 06 01 25 01 000        0.00       0.39      -4.45    -610.51      90.14      28.79       8.26  443458.36
2011 08 06 01 30 01 000        0.00      -3.37      -4.21    -610.01      81.61      23.74       8.46  440839.40
2011 08 06 01 35 01 000        0.00      -4.61      -3.41    -598.37      82.77      14.45       8.29  420651.18
2011 08 06 01 40 01 000        0.00      -4.05      -3.27    -604.97      81.39       9.31       8.22  435053.73
2011 08 06 01 45 01 000        0.00      -7.71      -3.56    -596.12      85.71      14.43       8.48  437102.62
2011 08 06 01 50 01 000        0.00     -12.08      -3.84    -560.31      86.30       3.24       9.48  514993.95
2011 08 06 01 55 01 000        0.00      -9.53      -4.79    -574.94      81.54       3.77       9.54  507159.05
2011 08 06 02 00 01 000        0.00      -8.03      -5.26    -596.25      91.94      16.18       8.86  451196.78
2011 08 06 02 05 01 000        0.00      -9.06      -4.75    -588.60      76.92      13.86       8.77  522860.16
2011 08 06 02 10 01 000        0.00      -9.06      -4.92    -594.54      61.79      17.84       8.78  524420.90
2011 08 06 02 15 01 000        0.00     -10.73      -4.78    -595.14      68.07      23.70       8.88  494632.34
2011 08 06 02 20 01 000        0.00     -11.62      -2.14    -591.30      75.32      22.59       8.53  504583.84
2011 08 06 02 25 01 000        0.00     -10.24      -2.01    -599.01      76.17      29.22       8.39  475924.50
2011 08 06 02 30 01 000        0.00      -9.74      -4.89    -601.37      66.74      33.23       8.93  495853.34
2011 08 06 02 35 01 000        0.00     -10.62      -4.90    -597.47      74.70      33.89       9.16  530785.72
2011 08 06 02 40 01 000        0.00     -11.12      -4.39    -592.44      76.36      40.12       8.96  521943.50
2011 08 06 02 45 01 000        0.00      -9.90      -4.33    -586.01      62.92      43.01       9.10  543880.50
2011 08 06 02 50 01 000        0.00      -9.76      -4.04    -589.56      57.78      43.65       9.10  506848.14
2011 08 06 02 55 01 000        0.00     -11.00      -3.47    -589.23      59.07      47.86       9.33  465581.56
2011 08 06 03 00 01 000        0.00     -10.39      -3.40    -577.91      61.61      53.29       9.94  494288.45
2011 08 06 03 05 01 000        0.00     -10.40      -4.67    -577.44      64.28      56.82       9.82  472859.97
2011 08 06 03 10 01 000        0.00      -9.86      -3.26    -568.28      67.92      58.68      10.08  526842.28
2011 08 06 03 15 01 000        0.00      -7.36      -1.90    -552.64      54.96      58.51       9.64  476810.05
2011 08 06 03 20 01 000        0.00      -4.44      -0.04    -554.60      53.03      50.87       8.74  419133.82
2011 08 06 03 25 01 000        0.00      -3.53       3.73    -561.47      66.84      39.37       8.90  540939.56
2011 08 06 03 30 01 000        0.00      -4.54       3.41    -563.80      68.69      36.72       8.92  538149.77
2011 08 06 03 35 01 000        0.00      -2.67       2.34    -561.69      64.20      41.77       9.25  605261.71
2011 08 06 03 40 01 000        0.00      -3.04       1.95    -560.07      58.44      45.71       8.81  559011.80
2011 08 06 03 45 01 000        0.00      -4.33       1.41    -555.34      68.24      44.19       7.97  389351.38
2011 08 06 03 50 01 000        0.00      -2.77       0.79    -550.00      76.37      42.87       8.04  380163.74
2011 08 06 03 55 01 000        0.00      -3.18      -0.59    -550.33      61.44      46.99       8.21  378737.51
2011 08 06 04 00 01 000        0.00      -3.71      -0.54    -549.10      54.65      51.44       8.68  459740.73
2011 08 06 04 05 01 000        0.00      -3.30      -1.02    -550.28      71.11      50.68       8.76  463205.62
2011 08 06 04 10 01 000        0.00      -2.67      -1.17    -548.81      80.54      47.42       8.47  418558.67
2011 08 06 04 15 01 000        0.00      -2.77      -2.64    -546.54      74.42      52.73       8.36  437268.26
2011 08 06 04 20 01 000        0.00      -3.16      -3.47    -547.52      65.06      59.35       8.38  444322.15
2011 08 06 04 25 01 000        0.00      -3.55      -1.58    -543.20      58.30      59.02       8.58  482591.04
2011 08 06 04 30 01 000        0.00      -4.81      -3.00    -543.57      70.75      62.74       8.70  465984.53
2011 08 06 04 35 01 000        0.00      -3.79      -2.94    -538.05      82.15      72.13       8.91  481493.21
2011 08 06 04 40 01 000        0.00      -3.77      -1.96    -529.38      89.67      77.78       8.72  496490.39
2011 08 06 04 45 01 000        0.00      -5.95      -1.60    -531.49      99.30      74.81       8.75  496668.44
2011 08 06 04 50 01 000        0.00      -6.38      -2.48    -530.65      87.53      76.29       9.24  525141.09
2011 08 06 04 55 01 000        0.00      -6.56      -3.94    -538.41      79.56      86.30       8.96  472351.02
2011 08 06 05 00 01 000        0.00      -6.77      -0.71    -541.82      71.31      83.09       8.84  450353.74
2011 08 06 05 05 01 000        0.00      -5.89      -4.28    -538.68      54.52      73.78       9.56  485638.43
2011 08 06 05 10 01 000        0.00      -5.64      -8.32    -545.85      52.72      73.71      10.22  454215.70
2011 08 06 05 15 01 000        0.00      -8.09      -4.50    -538.01      51.71      84.57      10.09  423413.73
2011 08 06 05 20 01 000        0.00      -7.06      -6.12    -531.85      51.78      94.61      10.26  489426.87
2011 08 06 05 25 01 000        0.00      -5.76      -8.43    -537.89      55.61      77.65      10.93  513821.06
2011 08 06 05 30 01 000        0.00     -10.37      -2.57    -545.45      53.12      68.77      11.04  479538.05
2011 08 06 05 35 01 000        0.00     -11.67       5.90    -562.25      52.91      87.14      10.78  435722.47
2011 08 06 05 40 01 000        0.00     -11.67       7.90    -579.27      74.44     101.05       9.37  428008.89
2011 08 06 05 45 01 000        0.00     -13.57       4.93    -584.66     105.20      93.92       8.37  504143.04
2011 08 06 05 50 01 000        0.00     -13.27       6.59    -577.71     110.09      79.55       7.79  552459.76
2011 08 06 05 55 01 000        0.00     -10.85      10.81    -575.87     102.87      87.49       7.02  544889.78
2011 08 06 06 00 01 000        0.00     -10.65       6.99    -572.59      97.63      90.80       8.08  552049.96
2011 08 06 06 05 01 000        0.00     -11.51       3.68    -575.91     100.95      85.07       9.14  580529.13
2011 08 06 06 10 01 000        0.00      -7.58       8.63    -579.19     105.91      90.34       9.19  507762.12
2011 08 06 06 15 01 000        0.00      -7.71       1.77    -561.22      68.63     102.84       9.07  511215.17
2011 08 06 06 20 01 000        0.00     -12.33      -4.86    -561.07      70.88     107.88       8.86  504476.02
2011 08 06 06 25 01 000        0.00     -12.52       5.25    -569.38     118.04      88.38       9.59  476486.09
2011 08 06 06 30 01 000        0.00      -4.76       5.62    -558.04      86.36      99.85      11.89  622604.77
2011 08 06 06 35 01 000        0.00       0.25      -4.88    -544.63      70.02     119.31      12.53  595378.04
2011 08 06 06 40 01 000        0.00      -4.50      -3.61    -565.38      91.14      85.22      10.44  561372.13
2011 08 06 06 45 01 000        0.00      -7.74       1.92    -568.16      51.96      61.96       8.87  404391.51
2011 08 06 06 50 01 000        0.00     -12.85      -2.50    -531.55      29.42      73.60       8.43  120406.86
2011 08 06 06 55 01 000        0.00     -14.87      -4.92    -542.66      31.45      69.96       8.78  168767.21
2011 08 06 07 00 01 000        0.00     -13.05      -3.02    -542.38       4.17      59.80       8.83  197467.30
2011 08 06 07 05 01 000        0.00     -14.30      -3.98    -526.44       2.34      66.91       9.08  150611.99
2011 08 06 07 10 01 000        0.00     -13.86      -3.57    -539.29      14.03      71.72      10.21  176978.31
2011 08 06 07 15 01 000        0.00     -13.69      -2.72    -534.71      10.66      79.55      10.89  185665.58
2011 08 06 07 20 01 000        0.00     -12.76      -0.86    -529.93      22.10      85.46      10.70  193770.76
2011 08 06 07 25 01 000        0.00     -14.58       0.71    -523.85      28.42      93.77      10.87  167126.84
2011 08 06 07 30 01 000        0.00     -11.91      -2.75    -500.50      39.81      94.86      12.39  248524.24
2011 08 06 07 35 01 000        0.00      -8.14       1.28    -489.32      37.73      86.53      12.51  303585.16
2011 08 06 07 40 01 000        0.00      -9.37       4.80    -509.61      28.96      98.54      12.00  239020.04
2011 08 06 07 45 01 000        0.00      -4.64      -1.34    -505.68      53.62      84.26      13.04  253027.12
2011 08 06 07 50 01 000        0.00      -8.60       2.40    -474.50      42.48      76.13      12.59  183338.14
2011 08 06 07 55 01 000        0.00      -3.72       4.20    -487.25      53.14      86.53      12.86  251864.57
2011 08 06 08 00 01 000        0.00       5.20      -0.22    -502.81      74.30      64.68      13.42  310363.02
2011 08 06 08 05 01 000        0.00      -5.31       1.66    -507.81      44.62      73.27      11.60  194124.01
2011 08 06 08 10 01 000        0.00      -6.85       1.55    -532.63      46.85      66.19      12.29  307542.56
2011 08 06 08 15 01 000        0.00      -5.47       1.63    -522.25      46.01      45.39      12.62  315431.75
2011 08 06 08 20 01 000        0.00      -8.55       2.48    -505.87      26.79      61.31      11.30  295048.82
2011 08 06 08 25 01 000        0.00      -8.05       4.67    -520.15      12.93      27.05      11.30  541057.86
2011 08 06 08 30 01 000        0.00      -4.97       7.77    -518.95      16.87      25.49      12.15  666690.95
2011 08 06 08 35 01 000        0.00      -4.51       4.37    -512.76      24.31      39.06      15.05  571676.70
2011 08 06 08 40 01 000        0.00      -8.72       3.59    -526.85       3.71       4.06      14.20  428611.29
2011 08 06 08 45 01 000        0.00      -5.67      10.39    -525.34      23.12      23.25      12.10  326217.29
2011 08 06 08 50 01 000        0.00      -2.01      14.12    -506.33      49.24      35.85      13.70  292283.52
2011 08 06 08 55 01 000        0.00       2.36       8.45    -509.46      13.71      43.51      13.01  420816.62
