File created on 2020-10-02T14:27:53.868078
#COOR
GSM


#START
2006 12 14 06 34 42 000        1.80      -3.27      -1.73    -601.15     -20.80      -4.77       1.91  115684.86
2006 12 14 06 39 42 000        2.60      -3.03      -0.76    -605.57     -17.49       2.30       1.58  135457.48
2006 12 14 06 44 42 000        3.77      -2.26      -0.20    -586.59      -6.48       8.05       1.72  121021.16
2006 12 14 06 49 42 000        3.49      -2.74      -0.29    -579.62      -5.68       8.13       1.75  130411.99
2006 12 14 06 54 42 000        3.02      -2.81      -0.38    -586.04      -9.12       6.41       1.58  120001.52
2006 12 14 06 59 42 000        2.80      -2.73      -0.69    -584.33     -11.35       1.38       1.56  137727.54
2006 12 14 07 04 42 000        2.54      -2.88      -0.89    -587.64     -14.44       0.51       1.57  153543.39
2006 12 14 07 09 42 000        2.91      -2.75      -0.77    -588.23     -17.15      -2.85       1.54  115200.65
2006 12 14 07 14 42 000        2.69      -2.44      -1.30    -586.11     -15.52      -5.35       1.65  142430.91
2006 12 14 07 19 42 000        1.62      -2.42      -2.74    -598.49     -16.72     -16.83       1.78  145767.43
2006 12 14 07 24 42 000        0.91      -3.24      -1.82    -605.91     -18.44      -9.84       1.80  104981.22
2006 12 14 07 29 42 000        1.36      -3.07       0.17    -604.56     -10.31      20.20       1.59  141607.57
2006 12 14 07 34 42 000        2.58      -2.91      -0.86    -590.82     -12.21       6.93       1.46  130620.10
2006 12 14 07 39 42 000        2.75      -2.01      -1.30    -580.64      -7.07      -6.92       1.62   79834.10
2006 12 14 07 44 42 000        3.11      -0.71      -1.16    -582.22       5.72      -6.41       1.75  118224.79
2006 12 14 07 49 42 000        3.54      -0.79      -1.96    -576.57       5.55     -17.37       1.83  133213.40
2006 12 14 07 54 42 000        2.80      -0.03      -2.17    -580.51       5.11     -18.28       1.77   91020.12
2006 12 14 07 59 42 000        3.15      -0.79      -1.92    -580.90      -3.77     -15.97       1.54   86075.07
2006 12 14 08 04 42 000        3.87      -1.44      -1.43    -570.23      -3.02      -7.84       1.43  108721.90
2006 12 14 08 09 42 000        3.84      -1.14      -1.25    -569.47      -0.84      -1.96       1.50  100838.19
2006 12 14 08 14 42 000        4.02      -1.66      -0.63    -569.76      -3.17       6.17       1.52   91927.68
2006 12 14 08 19 42 000        4.19      -1.05      -0.95    -566.50       3.06       8.15       1.48   99261.30
2006 12 14 08 24 42 000        4.04      -1.06      -1.69    -570.01      -0.48      -7.96       1.55   91830.97
2006 12 14 08 29 42 000        3.82      -1.59       0.08    -575.17       0.48       5.29       1.44  102405.70
2006 12 14 08 34 42 000        3.87      -1.56       0.66    -570.17       2.00      22.06       1.26  108936.65
2006 12 14 08 39 42 000        3.94      -1.39      -0.10    -568.98       0.67      14.42       1.38  113623.55
2006 12 14 08 44 42 000        4.13      -0.70       0.23    -569.46       8.87      13.13       1.50  119498.72
2006 12 14 08 49 42 000        4.45      -0.40       0.07    -564.58      11.79      12.14       1.57  102395.12
2006 12 14 08 54 42 000        4.40       0.17      -0.22    -566.29      17.45       6.88       1.66  119958.49
2006 12 14 08 59 42 000        4.41       0.36      -0.51    -563.96      18.98       1.81       1.54  131643.05
2006 12 14 09 04 42 000        4.26       0.11      -0.80    -561.71      16.41      -0.75       1.45   93211.85
2006 12 14 09 09 42 000        4.00       1.19      -0.31    -563.73      32.91       3.73       1.49   93098.86
2006 12 14 09 14 42 000        3.95       0.72      -0.65    -565.47      29.11       4.04       1.51   96527.15
2006 12 14 09 19 42 000        3.89       0.11      -1.48    -570.86      11.51      -6.40       1.62   81812.60
2006 12 14 09 24 42 000        4.02       0.55      -1.40    -568.38      14.14      -7.77       1.63   89495.00
2006 12 14 09 29 42 000        4.05      -0.57      -1.40    -565.28       7.67      -2.88       1.63   89974.67
2006 12 14 09 34 42 000        4.15      -0.42      -1.65    -567.84       6.37      -9.97       1.67  154965.48
2006 12 14 09 39 42 000        3.94      -0.46      -2.12    -568.31       9.57     -17.11       1.65  162871.99
2006 12 14 09 44 42 000        3.67      -0.71      -1.84    -571.42      11.82     -13.33       1.64   77826.38
2006 12 14 09 49 42 000        4.18       0.77      -0.50    -568.79      25.93      -6.46       1.58  106043.77
2006 12 14 09 54 42 000        4.29       0.46      -0.12    -562.74      24.63       2.82       1.53  116711.08
2006 12 14 09 59 42 000        4.22       0.16      -0.43    -562.09      23.33       1.68       1.55   87125.97
2006 12 14 10 04 42 000        4.70       0.13      -0.07    -558.94      21.95      -0.93       1.51   79996.95
2006 12 14 10 09 42 000        4.49      -0.85       0.15    -561.06      10.48      10.66       1.48   67505.64
2006 12 14 10 14 42 000        4.29      -1.11      -0.17    -563.02       5.68       7.76       1.58   95564.17
2006 12 14 10 19 42 000        4.47      -1.52       0.82    -564.25       4.41      19.97       1.55  105692.84
2006 12 14 10 24 42 000        4.16      -0.92       1.41    -564.56      15.84      31.21       1.37  145590.56
2006 12 14 10 29 42 000        4.15      -0.63       1.02    -557.02      19.60      18.14       1.34  115317.74
2006 12 14 10 34 42 000        3.40      -0.91       2.33    -568.47      18.14      36.84       1.37   90115.12
2006 12 14 10 39 42 000        2.16      -0.50       2.81    -579.60      15.58      41.01       1.38  132744.85
2006 12 14 10 44 42 000        1.98      -1.29       1.89    -580.24       2.73      30.39       1.41   90330.49
2006 12 14 10 49 42 000        2.93      -1.30       2.03    -575.16      12.66      38.45       1.30  149987.54
2006 12 14 10 54 42 000        2.76      -1.03       2.86    -571.94      16.98      42.72       1.32  104145.72
2006 12 14 10 59 42 000        0.21       0.08       3.52    -596.51      27.12      49.99       1.50  141054.28
2006 12 14 11 04 42 000        1.11       1.62       2.71    -589.80      48.61      38.26       1.50  305390.54
2006 12 14 11 09 42 000        2.80      -0.29       0.86    -579.93      30.01      27.67       1.51  145186.78
2006 12 14 11 14 42 000        2.04      -1.96      -0.47    -586.13       4.35      22.77       1.38  102607.34
2006 12 14 11 19 42 000        2.54      -2.63      -1.23    -571.43     -13.19       4.74       1.34  146236.21
2006 12 14 11 24 42 000        2.04      -3.41      -1.75    -581.13     -24.57      -2.75       1.66  112316.62
2006 12 14 11 29 42 000        2.05      -2.80      -1.92    -578.34     -19.29      -3.37       1.63  131776.41
2006 12 14 11 34 42 000        1.60      -2.44      -2.81    -582.99     -20.64     -11.86       1.69  123028.11
2006 12 14 11 39 42 000        0.90      -2.09      -2.93    -602.37     -10.59     -23.01       1.98  128405.76
2006 12 14 11 44 42 000        2.18      -2.06      -2.27    -587.01      -0.79     -20.10       1.72  111234.59
2006 12 14 11 49 42 000        1.79      -2.22      -2.47    -580.55     -10.10      -5.51       1.54  115939.62
2006 12 14 11 54 42 000        2.01      -1.94      -2.59    -575.94      -9.41      -4.61       1.70  114949.28
2006 12 14 11 59 42 000        2.46      -2.87      -1.86    -571.54     -14.42      -4.24       1.71  112587.10
2006 12 14 12 04 42 000        2.69      -1.48       1.50    -569.88       9.66      34.62       1.69  131851.03
2006 12 14 12 09 42 000        2.84      -0.47       2.89    -569.31      31.41      54.72       1.73  113338.09
2006 12 14 12 14 42 000        2.45      -2.33       2.64    -573.84       8.86      56.15       1.70  118124.89
2006 12 14 12 19 42 000        3.09      -1.53       2.30    -570.24      10.48      58.31       1.79  115832.64
2006 12 14 12 24 42 000        2.40      -1.63      -1.13    -575.79       6.68       8.54       1.79  133009.78
2006 12 14 12 29 42 000        2.82      -1.78      -1.87    -568.89      -2.04     -10.92       1.66  121102.63
2006 12 14 12 34 42 000        3.51       0.74      -1.62    -562.76      22.36      -4.82       1.95   98114.01
2006 12 14 12 39 42 000        3.50       0.27      -1.60    -561.68      31.20      -9.84       1.91  159158.86
2006 12 14 12 44 42 000        4.52      -0.65      -0.39    -552.97      15.66       8.09       1.75  151504.98
2006 12 14 12 49 42 000        4.61      -0.50      -0.40    -554.41      10.04      14.81       1.87  145186.10
2006 12 14 12 54 42 000        4.23      -1.35       0.46    -556.90      14.51      26.65       1.69  143971.51
2006 12 14 12 59 42 000        3.26      -1.88       1.03    -573.35       6.89      31.31       1.80  134646.32
2006 12 14 13 04 42 000        3.32      -2.07       0.56    -574.86       1.64      25.51       1.82  130389.85
2006 12 14 13 09 42 000        3.10      -1.33      -1.48    -571.58       1.79      10.11       1.81  117703.30
2006 12 14 13 14 42 000        1.76      -1.77      -3.43    -595.18      -8.12     -20.86       2.08  214343.89
2006 12 14 13 19 42 000        1.89      -2.04      -2.49    -591.94      -7.46     -14.48       1.94   90636.65
2006 12 14 13 24 42 000        2.86      -0.65      -1.62    -567.88       6.59      -1.07       1.67  133028.64
2006 12 14 13 29 42 000        3.94      -0.95      -1.14    -564.69      10.30      -1.00       1.57  164835.54
2006 12 14 13 34 42 000        3.50      -1.36      -0.48    -567.43      -3.08      15.43       1.35   16779.27
2006 12 14 13 39 42 000        3.27      -2.12      -0.19    -566.85      -3.17      28.84       1.37  268465.38
2006 12 14 13 44 42 000        2.86      -2.11      -1.00    -580.91      -5.55      22.97       1.50   67856.92
2006 12 14 13 49 42 000        1.83      -0.54      -1.53    -590.77       1.98      11.47       1.57  511144.09
2006 12 14 13 54 42 000        0.78      -1.39      -2.19    -608.51      13.03      -0.89       2.11  822461.73
2006 12 14 13 59 42 000        1.41      -2.46      -3.39    -602.99     -24.03      -8.90       1.93  725794.88
2006 12 14 14 04 42 000        2.55      -0.96      -2.00    -596.87      -2.15     -11.24       2.10 1942775.25
2006 12 14 14 09 42 000        2.17      -0.14      -3.00    -596.63       6.26     -21.34       2.00 2139766.16
2006 12 14 14 14 42 000        4.40      -3.38      -3.09    -569.86     -25.18      -7.58       1.87 1977962.50
2006 12 14 14 19 42 000        1.26       0.40      -1.86    -740.34      84.99      35.65       4.28 1332659.18
2006 12 14 14 24 42 000        1.85       6.25      -3.38    -907.13     165.43      65.97       4.08  962679.35
2006 12 14 14 29 42 000        1.98       2.70       1.15    -879.83     182.07      66.16       3.83 1817838.20
2006 12 14 14 34 42 000       -4.85       6.61       1.17    -890.44     220.08      27.16       4.94 1060588.91
2006 12 14 14 39 42 000        0.83       6.41      -7.57    -877.05     166.23      -7.63       4.52 1302917.91
2006 12 14 14 44 42 000        0.88      -4.73     -12.75    -871.52     114.90     -12.52       6.64 1843918.50
2006 12 14 14 49 42 000       -1.21      -5.62      -9.89    -887.53     117.36      -3.87       6.50  814206.39
2006 12 14 14 54 42 000        3.30      -5.16      -1.32    -866.32      73.75      20.01       5.76 1037005.78
2006 12 14 14 59 42 000        1.14      -7.60       0.20    -877.93      43.57      45.08       6.57 1566513.44
2006 12 14 15 04 42 000       -3.25      -8.78       2.49    -878.13      68.44      51.99       5.11 1516753.77
2006 12 14 15 09 42 000       -4.47     -11.71       0.91    -877.67      75.42      25.66       6.36 1501451.60
2006 12 14 15 14 42 000       -2.53     -10.56      -6.15    -893.73      77.45      28.66       6.79 1677910.32
2006 12 14 15 19 42 000       -3.85      -8.05       1.93    -891.97      76.17      53.60       5.35 1895445.25
2006 12 14 15 24 42 000       -1.57      -7.68       0.91    -884.55      67.26      31.91       5.69 1696338.72
2006 12 14 15 29 42 000        0.39      -9.78      -5.83    -890.08      64.44      23.58       5.61 1406123.06
2006 12 14 15 34 42 000       -2.91     -10.32      -1.98    -894.47      44.62      21.51       5.95 1345133.46
2006 12 14 15 39 42 000       -2.44      -8.83      -3.42    -888.51      35.11       9.90       6.07 1443811.66
2006 12 14 15 44 42 000       -3.34      -9.74      -3.52    -893.60      38.62       7.45       5.82 1353339.52
2006 12 14 15 49 42 000       -4.40     -10.61      -3.91    -901.83      36.76      14.98       5.89 1541776.81
2006 12 14 15 54 42 000       -2.54     -11.56      -3.46    -899.50      46.87      33.69       5.84 1860134.37
2006 12 14 15 59 42 000       -3.24      -9.09      -3.25    -897.44      54.97      20.00       6.08 1739771.56
2006 12 14 16 04 42 000       -4.07      -6.00      -9.02    -900.02      42.97      14.31       5.87 1645737.38
2006 12 14 16 09 42 000       -0.90      -6.19      -4.87    -896.95      28.01      13.30       6.15 1527745.20
2006 12 14 16 14 42 000        0.38      -6.09       1.01    -892.46      37.11     -10.46       6.64 1620608.62
2006 12 14 16 19 42 000        0.82     -10.51      -0.08    -891.58      40.50      -7.65       6.11 1311038.30
2006 12 14 16 24 42 000        1.94      -9.81      -3.45    -886.97      27.96      -0.71       6.01  884422.57
2006 12 14 16 29 42 000       -0.60      -5.20     -10.89    -887.75      34.24      -6.97       5.90 1380569.36
2006 12 14 16 34 42 000        0.37     -10.83      -5.32    -887.09      31.96      -6.79       5.89 1407910.82
2006 12 14 16 39 42 000        3.08     -12.88       1.64    -882.35      15.30       4.10       6.06 1111275.35
2006 12 14 16 44 42 000        3.04     -10.29      -1.16    -883.93      10.27      20.78       5.96 1214977.73
2006 12 14 16 49 42 000        2.62      -8.01       7.66    -885.15      13.52      35.90       6.87 1377536.33
2006 12 14 16 54 42 000        1.47      -8.22       3.33    -887.86      12.73      25.73       7.23 1269603.55
2006 12 14 16 59 42 000        2.50     -13.21      -5.15    -891.02       8.31      13.93       6.73  944498.37
2006 12 14 17 04 42 000        4.66     -13.04       1.05    -889.49       7.43      23.81       7.02  970995.59
2006 12 14 17 09 42 000        3.80     -12.79      -2.43    -884.46       8.88      22.75       7.15  994583.01
2006 12 14 17 14 42 000        2.01     -13.68      -1.66    -881.40       6.85      27.53       7.04 1076860.79
2006 12 14 17 19 42 000        0.66     -12.38      -6.84    -883.51      -4.60      15.53       7.04 1303130.32
2006 12 14 17 24 42 000       -0.20     -10.68     -13.65    -884.44     -12.23      -6.04       7.26 1240484.13
2006 12 14 17 29 42 000        0.76     -10.76      -7.66    -883.87     -22.51       3.02       8.28 1253533.79
2006 12 14 17 34 42 000        3.80     -14.33      -2.78    -880.43     -27.75       9.68       8.76 1366012.73
2006 12 14 17 39 42 000        5.54     -10.48       9.31    -877.37     -12.19      24.99       8.61 1276447.03
2006 12 14 17 44 42 000        2.24      -8.08       3.49    -878.03      -8.21      32.28       8.20 1383675.01
2006 12 14 17 49 42 000       -2.27     -10.91     -13.18    -879.49     -10.88      11.24       7.60 1510985.32
2006 12 14 17 54 42 000       -1.14     -12.41      -8.80    -882.05      -9.77      11.62       8.02 1276444.34
2006 12 14 17 59 42 000        1.17     -12.79       0.41    -882.57     -16.99      38.38       8.66 1273147.79
2006 12 14 18 04 42 000        0.72      -4.61       9.90    -881.25     -17.98      56.26       9.92 1217315.00
2006 12 14 18 09 42 000        1.66      -5.78      11.69    -877.81     -16.33      52.48      10.89  836915.68
2006 12 14 18 14 42 000        2.24     -11.82       6.71    -875.68     -20.02      47.27      10.54  849258.71
2006 12 14 18 19 42 000        0.64      -9.68       5.38    -875.50     -17.81      44.77      10.49  874068.83
2006 12 14 18 24 42 000       -1.23     -10.87       4.69    -872.78     -10.41      44.09      10.44  808198.86
2006 12 14 18 29 42 000       -0.30     -12.38       3.89    -873.47     -11.45      50.25      10.01  850713.49
2006 12 14 18 34 42 000        1.48     -15.16       1.29    -880.05     -17.38      56.76       8.76  748981.94
2006 12 14 18 39 42 000        1.36     -16.29       2.07    -880.92     -19.17      61.02       8.45  749473.08
2006 12 14 18 44 42 000        1.79     -16.52       3.47    -877.86     -14.39      48.12       8.72  667374.43
2006 12 14 18 49 42 000        2.12     -18.80       3.72    -878.15      -6.94      35.46       7.94  531979.59
2006 12 14 18 54 42 000        2.30     -16.23       5.40    -876.05      -6.52      37.72       7.84  669468.98
2006 12 14 18 59 42 000        1.96     -15.51       4.07    -877.40      -7.66      31.51       8.53  703113.20
2006 12 14 19 04 42 000        2.04     -15.86       3.34    -877.51      -1.48      26.01       9.73  532379.72
2006 12 14 19 09 42 000        2.69     -13.86       2.84    -877.33      10.88      30.19       9.85  458697.55
2006 12 14 19 14 42 000        0.75     -13.91       2.46    -882.39       6.47      39.54       9.51  454237.76
2006 12 14 19 19 42 000        0.54     -13.06       3.05    -885.45      -8.59      49.32       9.75  405886.26
2006 12 14 19 24 42 000        2.35     -11.41       2.18    -886.11      -7.13      56.69       9.31  405757.65
2006 12 14 19 29 42 000        1.62     -11.50       1.03    -881.38      -0.70      57.71       9.22  438121.30
2006 12 14 19 34 42 000        0.75     -10.67       1.31    -881.18       6.90      59.77       9.54  343411.91
2006 12 14 19 39 42 000        0.91      -8.62       4.97    -884.46       8.31      78.69      10.15  315602.78
2006 12 14 19 44 42 000        0.57      -9.56       4.80    -886.89       4.84      76.26       9.65  342680.11
2006 12 14 19 49 42 000       -1.25     -10.86       1.32    -891.64       2.25      65.07       8.88  299360.54
2006 12 14 19 54 42 000       -3.35     -10.86      -0.11    -892.42      -4.80      70.05       8.92  288077.86
2006 12 14 19 59 42 000       -2.32     -10.25       0.88    -889.41      -4.11      68.55       8.43  245774.71
2006 12 14 20 04 42 000       -1.92      -9.93       2.25    -890.69      -6.99      63.08       8.97  204844.16
2006 12 14 20 09 42 000       -4.83     -12.78      -0.68    -898.34     -12.83      48.16       7.97  183861.90
2006 12 14 20 14 42 000       -1.94      -8.58       3.18    -889.68     -11.91      64.47       8.89  166849.78
2006 12 14 20 19 42 000        2.34      -4.87      10.28    -875.68      -6.30      92.82      11.12  156980.17
2006 12 14 20 24 42 000       -0.12      -9.33       9.74    -877.37      -3.54      85.27      10.15  121246.72
2006 12 14 20 29 42 000        0.37      -7.24      12.02    -875.06      -8.64      83.56      10.34  121182.67
2006 12 14 20 34 42 000        2.23      -3.76      14.13    -870.20      -9.40      84.87       9.71  153159.94
2006 12 14 20 39 42 000        1.47      -3.70      11.14    -873.32     -17.62      83.71      11.65  133250.66
2006 12 14 20 44 42 000        2.05      -5.77      11.90    -877.33     -25.22      80.21      10.84  124741.90
2006 12 14 20 49 42 000        1.07      -8.54      14.58    -879.43     -24.95      68.75       5.58  128102.53
2006 12 14 20 54 42 000       -0.04      -9.22      14.12    -880.83     -18.65      65.34       6.46   86582.36
2006 12 14 20 59 42 000       -0.66      -9.98      13.57    -882.95      -5.11      57.42       7.86  151970.80
2006 12 14 21 04 42 000       -1.90     -11.41      10.15    -882.83      -7.79      38.49      10.11  242783.71
2006 12 14 21 09 42 000       -1.78     -12.60       6.44    -878.54      -9.13      34.28      11.09  200668.33
2006 12 14 21 14 42 000       -0.95     -12.88       8.20    -876.15      -3.64      49.18       7.05  134050.37
2006 12 14 21 19 42 000       -1.49     -13.95       5.39    -878.90      -8.20      36.31       8.19  136879.91
2006 12 14 21 24 42 000       -0.26      -7.82       2.18    -881.59     -21.65      19.77      13.63  168228.83
2006 12 14 21 29 42 000        1.61      -1.05       4.23    -877.41     -25.63      34.97      14.03  145491.30
2006 12 14 21 34 42 000       -4.83      -1.21       5.71    -876.54     -10.46      33.05      12.06  125380.75
2006 12 14 21 39 42 000       -8.25       4.34       9.05    -874.30      -2.51      33.16      11.96  117280.76
2006 12 14 21 44 42 000       -7.57       8.21       6.33    -870.56      -2.78      37.25      12.02  146187.37
2006 12 14 21 49 42 000      -10.80       6.62       1.19    -873.50      -9.59      26.31      12.52  169706.27
2006 12 14 21 54 42 000       -9.68       8.21      -4.85    -871.93     -10.89      14.74      10.66  120994.33
2006 12 14 21 59 42 000       -8.63       9.44      -9.92    -876.94       3.48      -7.40       7.77  118294.85
2006 12 14 22 04 42 000       -4.29       6.00       1.61    -867.13      -8.35      -1.48       9.13  133172.21
2006 12 14 22 09 42 000        1.46       4.45      14.83    -844.81     -31.41      12.20      10.80  154369.82
2006 12 14 22 14 42 000       -1.28       7.55      13.70    -845.16     -32.67       5.02      12.41  126331.89
2006 12 14 22 19 42 000       -0.60       3.79      -0.96    -842.86     -33.84       7.00      14.50   83369.58
2006 12 14 22 24 42 000        3.24      -1.02     -10.85    -842.34     -39.91      16.07      12.28  110173.38
2006 12 14 22 29 42 000        3.56      -1.30      -8.88    -843.65     -45.72      26.82      11.50  107020.69
2006 12 14 22 34 42 000        2.76       3.00       0.43    -839.08     -56.78      11.22      11.52  110504.10
2006 12 14 22 39 42 000        0.74      14.03      11.01    -855.20     -59.14      15.22       6.67   96153.83
2006 12 14 22 44 42 000       -1.35      12.95      10.84    -862.67     -44.07      46.86       3.47   67228.91
2006 12 14 22 49 42 000       -1.85       9.82      14.01    -851.12     -58.69      17.44       4.54   83535.62
2006 12 14 22 54 42 000       -4.28      12.04       8.06    -843.85     -85.28      -5.38      10.08   76259.45
2006 12 14 22 59 42 000       -5.29      -1.01      -7.63    -840.64     -59.91      16.88      12.17   60329.73
2006 12 14 23 04 42 000        2.11      -3.82     -11.31    -843.02     -45.22      13.64       7.18   65943.84
2006 12 14 23 09 42 000        6.66       4.34     -14.68    -839.10     -54.71      12.83       4.93   61079.36
2006 12 14 23 14 42 000        5.44       1.89     -15.20    -835.53     -42.20      16.61       4.99   53329.90
2006 12 14 23 19 42 000        5.64       3.66     -13.55    -839.53     -33.92      11.92       5.02   58850.55
2006 12 14 23 24 42 000        4.68       3.98     -14.63    -836.85     -35.08      12.10       6.49   63722.14
2006 12 14 23 29 42 000        2.72       4.84     -13.62    -830.62     -36.36       0.61       7.89   56998.95
2006 12 14 23 34 42 000        2.49       8.62     -13.76    -833.28     -30.22       0.46       6.98   49756.36
2006 12 14 23 39 42 000        3.38       4.73     -15.32    -842.31     -32.75      13.65       4.39   49835.09
2006 12 14 23 44 42 000        3.55       3.34     -16.02    -840.44     -42.11       7.30       4.38   46112.69
2006 12 14 23 49 42 000        4.04       3.02     -15.65    -838.35     -37.36       2.10       5.47   38708.94
2006 12 14 23 54 42 000        4.65       1.64     -16.52    -845.32     -32.63      13.60       4.24   38116.64
2006 12 14 23 59 42 000        4.11       4.59     -16.76    -845.96     -29.25       9.95       3.55   38034.50
2006 12 15 00 04 42 000        3.81       8.01     -14.98    -844.18     -35.11       7.55       3.29   40627.92
2006 12 15 00 09 42 000        3.46      10.36     -14.06    -842.29     -43.91      16.90       2.95   43550.68
2006 12 15 00 14 42 000        3.14      10.26     -14.16    -840.84     -41.74      15.77       3.25   48182.10
2006 12 15 00 19 42 000        2.77       9.89     -14.36    -841.75     -39.72      17.53       3.34   49835.27
2006 12 15 00 24 42 000        2.21       9.93     -14.58    -839.68     -35.66      22.90       3.30   38740.23
2006 12 15 00 29 42 000        2.03       9.71     -14.43    -835.95     -39.10      20.18       3.13   38416.70
2006 12 15 00 34 42 000        1.89      11.46     -13.13    -836.79     -44.10      15.89       3.29   38176.00
2006 12 15 00 39 42 000        2.56      10.85     -13.24    -838.58     -41.58      12.54       3.52   30266.48
2006 12 15 00 44 42 000        3.77       9.18     -14.12    -841.95     -45.06       8.33       3.18   32770.88
2006 12 15 00 49 42 000        4.07      10.04     -13.80    -845.43     -45.67      15.81       2.13   33545.63
2006 12 15 00 54 42 000        4.01      10.08     -14.10    -843.93     -44.15      23.64       1.57   31420.19
2006 12 15 00 59 42 000        4.34       9.95     -14.00    -842.17     -44.43      20.96       1.76   31377.88
2006 12 15 01 04 42 000        4.96      10.50     -13.30    -838.28     -41.95      21.30       1.70   32501.48
2006 12 15 01 09 42 000        5.37      11.04     -12.77    -837.29     -43.22      21.00       1.76   34941.17
2006 12 15 01 14 42 000        4.79      10.77     -13.06    -836.48     -39.68      24.70       1.63   34689.06
2006 12 15 01 19 42 000        4.26      10.17     -13.65    -830.90     -33.61      28.77       1.64   31118.69
2006 12 15 01 24 42 000        4.28      10.33     -13.47    -831.20     -38.22      21.94       2.03   28449.42
2006 12 15 01 29 42 000        4.36      10.10     -13.54    -837.46     -41.97      15.49       2.05   29814.42
2006 12 15 01 34 42 000        4.56      10.62     -12.98    -837.55     -42.15      12.24       2.06   32231.15
2006 12 15 01 39 42 000        4.42      11.08     -12.53    -835.09     -45.85       8.81       2.03   34231.12
2006 12 15 01 44 42 000        4.60      11.01     -12.37    -836.33     -47.46       7.16       1.93   32695.24
2006 12 15 01 49 42 000        4.66      11.20     -12.10    -832.94     -43.92      10.50       1.88   31825.06
2006 12 15 01 54 42 000        4.82      11.02     -12.15    -833.22     -45.29       9.92       1.81   31453.50
2006 12 15 01 59 42 000        5.14      11.26     -11.74    -834.74     -48.96       1.36       2.32   28280.82
2006 12 15 02 04 42 000        4.36      10.96     -12.24    -830.36     -46.80      -1.22       2.68   30211.02
2006 12 15 02 09 42 000        4.06      11.15     -12.19    -826.85     -45.71      -2.32       2.41   32489.37
2006 12 15 02 14 42 000        4.19      11.88     -11.41    -824.50     -43.57      -1.52       2.34   29336.03
2006 12 15 02 19 42 000        4.37      11.51     -11.59    -821.85     -44.08      -1.92       2.57   29748.73
2006 12 15 02 24 42 000        4.53      11.49     -11.47    -814.21     -48.47      -4.25       2.67   32510.28
2006 12 15 02 29 42 000        3.87      11.41     -11.61    -813.15     -47.26       3.63       2.57   27734.30
2006 12 15 02 34 42 000        4.10      11.41     -11.49    -813.32     -48.25       3.79       2.64   28577.68
2006 12 15 02 39 42 000        5.03      11.66     -10.84    -805.99     -49.58       2.14       2.63   30391.98
2006 12 15 02 44 42 000        4.90      11.64     -10.75    -804.36     -46.33       5.81       2.52   25826.01
2006 12 15 02 49 42 000        4.61      12.03     -10.42    -801.59     -46.52       2.05       2.56   30962.37
2006 12 15 02 54 42 000        5.10      11.84     -10.24    -798.85     -49.70       1.75       2.49   32143.73
2006 12 15 02 59 42 000        5.14      11.73     -10.11    -797.49     -47.99       3.30       2.55   25415.73
2006 12 15 03 04 42 000        5.06      11.82      -9.83    -794.34     -46.37       4.01       2.56   24290.25
2006 12 15 03 09 42 000        5.33      11.59      -9.70    -793.94     -49.31       5.68       2.30   25102.48
2006 12 15 03 14 42 000        5.28      11.84      -9.20    -788.68     -47.91       2.30       2.45   24752.22
2006 12 15 03 19 42 000        4.86      11.65      -9.44    -783.84     -50.07      -1.77       2.59   25336.16
2006 12 15 03 24 42 000        4.13      11.43      -9.73    -784.31     -52.91      -5.38       2.54   28747.77
2006 12 15 03 29 42 000        4.92      11.21      -9.31    -784.09     -50.12      -4.93       2.54   30807.94
2006 12 15 03 34 42 000        5.79      10.70      -9.32    -781.85     -54.30      -3.98       2.28   27134.44
2006 12 15 03 39 42 000        5.49      10.95      -9.05    -777.03     -57.48      -6.14       2.06   28157.26
2006 12 15 03 44 42 000        5.43      11.13      -8.75    -778.56     -53.32      -6.47       2.34   31644.01
2006 12 15 03 49 42 000        5.35      10.89      -8.83    -780.30     -52.79     -13.99       2.47   28017.20
2006 12 15 03 54 42 000        5.60      10.84      -8.71    -775.40     -56.77     -17.40       2.07   28527.71
2006 12 15 03 59 42 000        5.20      11.00      -8.46    -774.24     -54.82     -14.06       2.38   28402.92
2006 12 15 04 04 42 000        4.86      11.14      -8.20    -773.03     -52.43     -17.85       2.74   24035.09
2006 12 15 04 09 42 000        5.07      10.92      -8.16    -771.28     -53.67     -16.91       2.48   22731.23
2006 12 15 04 14 42 000        4.75      10.59      -8.31    -770.67     -55.70     -17.31       2.27   22532.05
2006 12 15 04 19 42 000        5.04      10.71      -8.07    -769.49     -61.34     -28.05       1.93   22748.46
2006 12 15 04 24 42 000        5.17      10.99      -7.15    -766.99     -61.42     -34.15       2.07   24759.94
2006 12 15 04 29 42 000        5.12      11.08      -7.26    -763.44     -60.57     -33.60       2.17   30434.38
2006 12 15 04 34 42 000        5.09      11.09      -7.02    -765.48     -60.97     -33.72       1.92   20131.02
2006 12 15 04 39 42 000        4.82      11.28      -6.70    -765.57     -62.16     -29.74       1.97   30029.54
2006 12 15 04 44 42 000        5.32      11.06      -7.27    -765.36     -61.73     -28.99       2.11   63176.45
2006 12 15 04 49 42 000        5.89      10.62      -6.51    -765.27     -57.13     -31.78       2.17   45629.39
2006 12 15 04 54 42 000        6.09      10.98      -7.19    -760.15     -60.64     -26.04       1.97   33179.86
2006 12 15 04 59 42 000        5.32      11.14      -5.96    -759.20     -56.15     -26.47       2.11   50895.59
2006 12 15 05 04 42 000        5.79      11.48      -6.87    -754.64     -62.25     -27.25       1.87   46549.03
2006 12 15 05 09 42 000        5.22      10.54      -6.67    -752.13     -48.95     -23.02       2.07   36208.23
2006 12 15 05 14 42 000        1.27       8.99       6.17    -747.71      16.38     -25.57       3.60   31202.20
2006 12 15 05 19 42 000        1.13      11.15       8.58    -735.54      29.64     -30.66       3.32   27930.35
2006 12 15 05 24 42 000        2.32      13.53       1.57    -735.66       6.08     -38.91       2.02   23163.93
2006 12 15 05 29 42 000        2.60      13.19      -0.13    -739.08       9.46     -37.40       1.73   26400.31
2006 12 15 05 34 42 000        4.09      11.70      -4.56    -739.57       2.47     -41.74       2.23   31771.13
2006 12 15 05 39 42 000        3.69      11.16      -5.44    -737.25     -29.42     -52.82       2.64   24915.48
2006 12 15 05 44 42 000        3.71      11.40      -4.77    -738.25     -57.87     -39.10       1.81   26720.82
2006 12 15 05 49 42 000        4.43      10.84      -6.00    -745.61     -61.46     -27.86       1.44   32509.40
2006 12 15 05 54 42 000        4.29      11.04      -5.04    -748.02     -67.07     -26.37       1.48   29223.08
2006 12 15 05 59 42 000        4.62      10.86      -5.25    -747.98     -67.78     -21.46       1.34   30986.44
2006 12 15 06 04 42 000        4.84      10.47      -5.56    -748.89     -59.99     -15.98       1.69   33791.82
2006 12 15 06 09 42 000        4.82       9.83      -6.54    -748.53     -63.40     -14.06       1.69   31914.23
2006 12 15 06 14 42 000        4.78       7.40      -9.14    -747.17     -58.09     -20.48       2.01   29923.29
2006 12 15 06 19 42 000        4.95       5.89     -10.18    -752.92     -58.18     -20.83       2.64   30576.25
2006 12 15 06 24 42 000        5.05       5.71     -10.21    -756.89     -63.15     -22.41       2.38   33593.68
2006 12 15 06 29 42 000        4.93       6.59      -9.79    -755.92     -61.63     -29.60       2.02   30834.05
2006 12 15 06 34 42 000        5.31       7.65      -8.92    -754.81     -59.48     -15.03       1.86   31585.31
2006 12 15 06 39 42 000        5.51       7.75      -8.64    -750.43     -44.35      10.72       1.35   35003.51
2006 12 15 06 44 42 000        5.51       8.14      -8.33    -753.32     -40.97      12.70       0.96   31560.71
2006 12 15 06 49 42 000        5.43       8.31      -8.15    -752.34     -50.20       4.95       0.97   31234.62
2006 12 15 06 54 42 000        5.06       7.82      -8.69    -749.26     -46.42       9.49       0.91   31628.38
2006 12 15 06 59 42 000        5.17       7.62      -8.71    -749.39     -48.10       7.43       0.86   31898.90
2006 12 15 07 04 42 000        5.32       7.68      -8.42    -745.94     -52.34       0.96       0.87   35029.67
2006 12 15 07 09 42 000        5.27       7.64      -8.41    -754.05     -51.04      -0.95       0.79   33322.11
2006 12 15 07 14 42 000        5.32       7.67      -8.18    -753.23     -56.84      -6.41       0.80   26604.87
2006 12 15 07 19 42 000        5.33       7.75      -8.01    -741.76     -62.45      -8.65       0.79   30564.23
2006 12 15 07 24 42 000        5.30       7.69      -7.93    -737.22     -66.18     -10.91       0.77   34426.43
2006 12 15 07 29 42 000        4.90       7.55      -8.10    -734.27     -69.23     -12.48       0.77   29433.16
2006 12 15 07 34 42 000        4.74       7.62      -8.05    -736.73     -64.79      -7.71       0.72   32975.98
2006 12 15 07 39 42 000        4.57       7.38      -8.19    -731.26     -64.99     -11.39       0.70   30547.03
2006 12 15 07 44 42 000        4.39       6.66      -8.83    -724.52     -69.23     -14.97       0.71   33714.62
2006 12 15 07 49 42 000        4.50       6.30      -8.89    -719.90     -63.69     -10.82       0.76   38781.40
2006 12 15 07 54 42 000        4.21       6.60      -8.68    -706.73     -58.09      -6.74       0.62   39519.28
2006 12 15 07 59 42 000        4.06       6.57      -8.51    -710.14     -53.30       4.72       0.61   35548.25
2006 12 15 08 04 42 000        3.79       5.86      -8.96    -719.67     -50.23       8.38       0.61   25233.17
2006 12 15 08 09 42 000        3.60       6.09      -8.87    -718.33     -59.41      -0.22       0.51   43210.03
2006 12 15 08 14 42 000        3.74       5.58      -8.92    -720.47     -59.40      -1.39       0.67   24087.84
2006 12 15 08 19 42 000        3.80       5.07      -9.29    -722.47     -48.11       6.24       0.67   48054.71
2006 12 15 08 24 42 000        4.12       5.14      -8.56    -719.77     -48.65       3.53       0.86  126701.62
2006 12 15 08 29 42 000        4.02       3.87      -9.37    -721.92     -49.24       2.48       0.72   96541.07
2006 12 15 08 34 42 000        5.09       5.50      -7.60    -749.30     -60.37     -10.69       0.93   61462.56
2006 12 15 08 39 42 000        6.76       7.04      -4.51    -761.33     -92.73     -67.65       1.43   94172.22
2006 12 15 08 44 42 000        6.79       6.19      -4.34    -730.89     -76.86     -50.04       0.67  150134.98
2006 12 15 08 49 42 000        7.05       7.00      -1.90    -706.62     -17.51      22.20       0.77  144077.62
2006 12 15 08 54 42 000        7.28       7.41      -1.66    -702.32     -10.64      14.56       1.05  131252.72
2006 12 15 08 59 42 000        6.69       5.95      -4.69    -688.64     -18.87     -22.95       2.26  121540.26
2006 12 15 09 04 42 000        6.24       5.26      -5.01    -674.10     -17.24     -40.98       3.47   68512.14
2006 12 15 09 09 42 000        5.97       6.06      -5.16    -683.29     -28.00     -13.39       2.13  135023.57
2006 12 15 09 14 42 000        5.74       5.54      -5.94    -675.99     -13.50      -1.57       2.43  145805.01
2006 12 15 09 19 42 000        5.68       5.63      -5.68    -668.51     -14.35     -33.64       2.22  118081.65
2006 12 15 09 24 42 000        6.00       6.22      -5.08    -675.31     -19.72     -35.30       1.11  145014.55
2006 12 15 09 29 42 000        5.56       6.54      -4.51    -661.25      -6.62     -39.17       1.67  145443.55
2006 12 15 09 34 42 000        5.30       6.59      -4.85    -659.74       0.68     -35.65       1.51  164334.96
2006 12 15 09 39 42 000        6.64       4.06      -5.37    -661.56      22.83     -21.47       1.54   93302.94
2006 12 15 09 44 42 000        6.95       4.08      -5.26    -650.81      29.88     -24.76       1.76  135211.57
2006 12 15 09 49 42 000        6.62       5.41      -4.80    -652.27      24.94     -17.02       1.77  175008.54
2006 12 15 09 54 42 000        6.69       5.35      -4.56    -652.78      25.98     -19.76       1.59   93448.82
2006 12 15 09 59 42 000        7.14       4.98      -4.83    -664.11      31.17     -21.13       1.47  104032.54
2006 12 15 10 04 42 000        7.79       2.04      -5.18    -669.27      41.69      -5.47       2.02   74263.84
2006 12 15 10 09 42 000        6.79       2.64      -5.76    -651.86      35.32      -8.93       1.65   61361.70
2006 12 15 10 14 42 000        6.37       4.80      -5.84    -654.65      34.22     -15.14       1.08   71711.57
2006 12 15 10 19 42 000        6.67       3.74      -6.01    -658.49      45.84      -9.40       0.95   46816.31
2006 12 15 10 24 42 000        6.24       3.80      -6.34    -644.87      50.72     -12.94       0.88   52947.84
2006 12 15 10 29 42 000        6.07       3.63      -6.41    -635.84      48.82     -17.23       1.13   45525.73
2006 12 15 10 34 42 000        6.26       3.60      -6.09    -637.48      47.40     -23.11       1.14   67055.97
2006 12 15 10 39 42 000        5.93       4.37      -5.90    -648.78      42.22      -2.35       0.95   84585.33
2006 12 15 10 44 42 000        5.18       4.67      -6.28    -663.70      32.14      36.52       0.87   72873.68
2006 12 15 10 49 42 000        5.96       4.78      -5.27    -677.66      33.53      24.38       1.19   89632.54
2006 12 15 10 54 42 000        6.66       4.64      -4.47    -678.41      33.71      10.24       1.29   78075.89
2006 12 15 10 59 42 000        6.13       4.61      -4.94    -674.36      33.11      21.59       1.07  102020.53
2006 12 15 11 04 42 000        5.72       3.88      -5.54    -677.89      33.80      28.77       1.27  131640.27
2006 12 15 11 09 42 000        5.76       3.53      -5.69    -678.98      32.10      32.43       1.22   85359.40
2006 12 15 11 14 42 000        5.92       3.71      -5.36    -680.15      37.04      25.83       1.20   91011.10
2006 12 15 11 19 42 000        5.40       3.86      -5.65    -673.78      33.79      18.67       1.25  107488.81
2006 12 15 11 24 42 000        5.07       4.47      -5.55    -662.04      33.65      12.63       1.20   81256.76
2006 12 15 11 29 42 000        5.43       3.75      -5.66    -662.55      35.02      12.81       1.41   86316.71
2006 12 15 11 34 42 000        5.39       3.83      -5.57    -663.25      32.24      14.57       1.48   90904.32
2006 12 15 11 39 42 000        4.94       4.40      -5.48    -651.43      35.20      -0.02       2.11   78754.49
2006 12 15 11 44 42 000        5.09       2.90      -6.41    -649.21      32.03       4.88       2.19   77347.73
2006 12 15 11 49 42 000        4.81       3.46      -5.81    -663.56      31.58      26.88       1.84   63049.69
2006 12 15 11 54 42 000        3.91       4.11      -5.71    -662.31      26.92      19.38       3.09  115612.41
2006 12 15 11 59 42 000        3.86       4.08      -5.33    -653.03      28.23      16.69       3.88  185652.69
2006 12 15 12 04 42 000        3.61       4.59      -5.24    -652.84      30.62      21.92       3.82  153870.84
2006 12 15 12 09 42 000        3.62       4.11      -6.15    -652.84      16.94      20.02       3.60  126170.60
2006 12 15 12 14 42 000        3.40       5.88      -4.58    -651.06      22.42      21.17       3.07   80703.99
2006 12 15 12 19 42 000        2.16       6.10      -4.62    -650.51      12.68       8.94       3.94   70696.53
2006 12 15 12 24 42 000        2.52       5.52      -2.95    -653.83      -1.73      12.61       4.25   90786.30
2006 12 15 12 29 42 000        2.76       6.83      -1.32    -648.30      14.18      26.21       3.95   97968.16
2006 12 15 12 34 42 000        2.50       5.38      -3.95    -647.15       8.22      27.40       4.34  204727.78
2006 12 15 12 39 42 000        3.24       3.65      -4.80    -650.73       0.79      26.77       4.16  238583.10
2006 12 15 12 44 42 000        3.89       3.01      -5.61    -643.98       8.97      12.72       5.41  273208.58
2006 12 15 12 49 42 000        3.96       1.43      -6.36    -644.69      15.48      10.62       5.72  271365.52
2006 12 15 12 54 42 000        1.92      -0.49      -6.67    -639.86      30.29      31.06       4.33  157230.73
2006 12 15 12 59 42 000        1.49      -0.06      -6.81    -632.15      31.14      33.97       4.35  193763.63
2006 12 15 13 04 42 000        3.11       2.08      -6.07    -638.74      19.38      31.42       3.81  294211.47
2006 12 15 13 09 42 000        2.97       1.67      -6.10    -639.43      19.83      34.04       3.65  354095.95
2006 12 15 13 14 42 000        3.46       0.37      -6.01    -641.07      25.79      33.48       3.77  317191.78
2006 12 15 13 19 42 000        3.86       0.52      -6.15    -648.56      25.77      47.34       3.00  271976.73
2006 12 15 13 24 42 000        4.52      -0.42      -5.94    -647.79      30.62      40.80       3.00  260801.63
2006 12 15 13 29 42 000        5.62      -1.44      -5.26    -644.46      34.23      27.90       3.14  253886.96
2006 12 15 13 34 42 000        5.48      -1.79      -4.35    -644.19      25.88      35.35       3.30  292633.02
2006 12 15 13 39 42 000        5.67      -1.72      -3.73    -645.94      26.29      28.07       3.66  253544.38
2006 12 15 13 44 42 000        3.65       2.22      -4.94    -642.16      20.76      31.89       3.56  255433.99
2006 12 15 13 49 42 000        1.91       3.71      -4.77    -634.17       5.52      41.58       3.51  300132.44
2006 12 15 13 54 42 000        4.38      -0.98      -4.00    -633.36       4.57      42.17       3.38  241312.42
2006 12 15 13 59 42 000        4.72      -2.33      -4.08    -632.37       5.12      41.42       3.21  226726.54
2006 12 15 14 04 42 000        2.94       0.53      -3.64    -631.22       5.45      37.19       3.63  276656.41
2006 12 15 14 09 42 000        3.17       1.20      -3.91    -636.15      10.65      38.19       3.89  249076.04
2006 12 15 14 14 42 000        3.11       0.38      -3.95    -634.06      10.65      30.66       3.80  293647.07
2006 12 15 14 19 42 000        3.29       0.27      -4.72    -628.45      13.61      32.72       3.58  320311.13
2006 12 15 14 24 42 000        4.36       0.48      -4.19    -627.74      14.85      30.97       3.88  230331.26
2006 12 15 14 29 42 000        4.13       1.34      -2.32    -626.90       7.60      21.03       4.25  267428.31
2006 12 15 14 34 42 000        3.39       1.52      -3.28    -627.39       9.78      31.67       3.46  376895.29
2006 12 15 14 39 42 000        3.74       0.93      -2.96    -631.76      12.66      29.98       3.59  427324.63
2006 12 15 14 44 42 000        3.95       0.30      -2.00    -635.54       9.74      25.20       4.14  372176.39
2006 12 15 14 49 42 000        3.05      -0.00      -1.87    -634.93       8.44      28.32       4.23  445612.88
2006 12 15 14 54 42 000        3.56      -1.14      -1.84    -630.43      14.27      22.70       4.23  527450.33
2006 12 15 14 59 42 000        4.95      -2.08      -2.70    -626.93      17.31      20.02       3.46  438163.74
2006 12 15 15 04 42 000        4.33      -0.76      -1.97    -631.17      12.73      21.26       3.69  368588.50
2006 12 15 15 09 42 000        3.15      -0.46      -1.42    -634.99      16.23      24.92       4.13  240581.81
2006 12 15 15 14 42 000        3.41      -0.82      -1.58    -632.12      17.62      23.98       3.95  215549.76
2006 12 15 15 19 42 000        3.74      -1.14      -2.07    -633.02      22.07      29.98       3.43  219766.00
2006 12 15 15 24 42 000        3.29      -1.72      -2.66    -633.12      22.79      35.27       3.04  194864.26
2006 12 15 15 29 42 000        3.08      -2.02      -2.40    -631.48      22.01      33.85       3.18  258836.48
2006 12 15 15 34 42 000        3.45      -2.60      -2.82    -637.57      37.00      41.04       2.58  217627.89
2006 12 15 15 39 42 000        4.09      -1.18      -3.24    -637.50      26.67      41.15       2.49  204984.21
2006 12 15 15 44 42 000        4.47      -0.33      -3.56    -635.56      14.43      46.12       2.57  237696.39
2006 12 15 15 49 42 000        4.45      -1.83      -3.08    -636.15      25.75      37.18       2.26  263052.55
2006 12 15 15 54 42 000        4.59      -1.84      -2.32    -631.32      21.64      24.79       2.70  323603.08
2006 12 15 15 59 42 000        5.29      -0.84      -2.68    -628.83      16.93      30.79       2.66  273505.51
2006 12 15 16 04 42 000        4.54      -0.04      -2.56    -626.26      21.43      20.63       3.11  321414.94
2006 12 15 16 09 42 000        2.94       1.10      -2.56    -626.40      21.24      18.88       4.29  389648.00
2006 12 15 16 14 42 000        2.95       1.68      -3.04    -628.55      21.15      20.22       4.30  319084.75
2006 12 15 16 19 42 000        3.23       1.63      -3.27    -626.77      27.11      14.65       3.93  344387.02
2006 12 15 16 24 42 000        3.50       1.78      -3.37    -622.92      33.26      14.51       3.68  327656.01
2006 12 15 16 29 42 000        3.41       1.90      -3.05    -619.00      27.96       7.10       3.51  244999.84
2006 12 15 16 34 42 000        3.00       2.17      -3.06    -618.66      23.50       9.01       3.41  184198.55
2006 12 15 16 39 42 000        2.77       1.72      -2.07    -615.77      24.81       7.97       3.45  135738.48
2006 12 15 16 44 42 000        2.31       1.28      -0.87    -610.41      26.91       3.56       3.64  159073.01
2006 12 15 16 49 42 000        3.32       2.93      -2.31    -606.23      21.18       7.15       2.85  184748.43
2006 12 15 16 54 42 000        4.73       3.17      -3.49    -602.78       4.75       2.12       2.11  188956.73
2006 12 15 16 59 42 000        5.24       2.13      -3.52    -602.28      -0.33       3.36       1.84  170575.47
2006 12 15 17 04 42 000        3.84       3.36      -2.70    -589.49      -2.13      -2.94       2.04  109300.20
2006 12 15 17 09 42 000        3.11       2.92      -2.45    -576.25       0.18     -12.17       2.49   49401.15
2006 12 15 17 14 42 000        5.12       1.73      -3.77    -587.06       9.79       0.14       1.85   61705.17
2006 12 15 17 19 42 000        5.22       2.81      -3.57    -595.22       9.64       4.19       1.51   93738.89
2006 12 15 17 24 42 000        4.98       2.46      -3.83    -597.01      16.97       8.86       1.47   56343.86
2006 12 15 17 29 42 000        5.62       2.14      -3.98    -604.05      28.42      16.33       1.28   35282.78
2006 12 15 17 34 42 000        5.50       2.43      -3.47    -603.09      38.02       9.48       1.39   97082.14
2006 12 15 17 39 42 000        5.86       2.43      -4.06    -610.84      43.59      19.60       1.26  100038.45
2006 12 15 17 44 42 000        5.60       4.09      -3.52    -611.80      28.30      24.66       1.23   49682.24
2006 12 15 17 49 42 000        5.00       5.29      -2.96    -593.45       9.90      14.16       1.19   58683.32
2006 12 15 17 54 42 000        5.67       4.07      -3.10    -603.58      13.20      21.40       1.22   65992.08
2006 12 15 17 59 42 000        6.20       3.03      -2.92    -618.70      26.95      25.66       1.33   71485.52
2006 12 15 18 04 42 000        6.02       3.44      -2.90    -614.54      30.87      27.51       1.19   61733.46
2006 12 15 18 09 42 000        6.05       3.60      -2.65    -614.05      29.23      30.49       1.14   72623.94
2006 12 15 18 14 42 000        5.87       4.02      -2.25    -608.28      22.40      25.57       1.13   97811.13
2006 12 15 18 19 42 000        5.76       4.46      -1.84    -607.32      16.75      23.28       1.10   77925.52
2006 12 15 18 24 42 000        5.78       4.48      -1.49    -610.89      17.37      23.53       1.01   99290.08
2006 12 15 18 29 42 000        5.60       4.64      -1.36    -608.11      18.29      23.32       0.97  103797.74
2006 12 15 18 34 42 000        5.67       4.38      -1.48    -608.99      20.20      20.75       0.99   98195.83
2006 12 15 18 39 42 000        5.57       4.07      -1.43    -605.87      20.63      17.04       1.05  110530.90
2006 12 15 18 44 42 000        5.45       3.77      -1.25    -601.97      28.80      14.28       1.24  110181.87
2006 12 15 18 49 42 000        5.51       3.53      -1.44    -599.60      34.56      17.09       1.23   91715.13
2006 12 15 18 54 42 000        5.45       3.48      -1.35    -595.45      29.62      19.42       1.25   49559.72
2006 12 15 18 59 42 000        5.34       3.36      -1.36    -596.79      30.73      23.80       1.34   60622.78
2006 12 15 19 04 42 000        5.15       3.41      -1.33    -596.30      29.39      28.74       1.47   48253.70
2006 12 15 19 09 42 000        5.14       3.57      -0.89    -593.52      22.99      19.47       1.42   51590.98
2006 12 15 19 14 42 000        5.19       3.69      -0.86    -593.26      21.01      18.79       1.22   57993.57
2006 12 15 19 19 42 000        5.15       3.61      -0.95    -595.79      16.78      22.81       1.26   82701.61
2006 12 15 19 24 42 000        5.20       3.70      -1.02    -597.78      14.72      21.40       1.13  265722.72
2006 12 15 19 29 42 000        5.13       3.62      -1.44    -598.44      20.33      30.40       1.16  253749.66
2006 12 15 19 34 42 000        4.79       3.18      -1.66    -599.06      24.29      34.25       1.27  142298.45
2006 12 15 19 39 42 000        4.57       3.10      -1.33    -588.15      32.46      27.61       1.25  176848.91
2006 12 15 19 44 42 000        4.39       2.94      -1.02    -578.23      38.85      20.71       1.52  162543.93
2006 12 15 19 49 42 000        4.59       2.63      -0.86    -584.15      35.28      23.55       1.39  185165.74
2006 12 15 19 54 42 000        4.69       2.59      -0.94    -582.74      35.13      28.55       1.31  191085.09
2006 12 15 19 59 42 000        3.25       1.73      -1.34    -557.46      40.59      17.74       2.18  176793.72
2006 12 15 20 04 42 000        2.81       0.81      -1.66    -543.85      38.83       8.05       2.76  150053.61
2006 12 15 20 09 42 000        3.53       1.84      -0.73    -557.22      23.60       1.30       2.11   40423.00
2006 12 15 20 14 42 000        3.65       2.54       0.63    -557.49      18.49      -1.63       1.60   59937.19
2006 12 15 20 19 42 000        3.57       0.95      -0.43    -547.91      20.89       3.16       2.16   85920.89
2006 12 15 20 24 42 000        2.22       0.17       0.07    -552.90      19.76       3.72       2.63   80970.87
2006 12 15 20 29 42 000        2.14       1.67       1.30    -563.67      30.85      11.42       2.79  125708.75
2006 12 15 20 34 42 000        2.95       2.36      -0.56    -568.93      39.26      22.12       3.05   74641.04
2006 12 15 20 39 42 000        2.95       1.94      -0.62    -568.68      40.03      24.10       2.73  101671.91
2006 12 15 20 44 42 000        3.75       1.95      -0.68    -569.31      48.70      25.01       2.30  131579.49
2006 12 15 20 49 42 000        3.80       1.10      -1.22    -571.67      51.49      36.65       2.23   48126.91
2006 12 15 20 54 42 000        3.18      -0.53      -1.93    -575.65      32.94      36.11       2.42   39622.10
2006 12 15 20 59 42 000        3.18      -0.33      -2.23    -572.98      33.84      34.68       2.68   41761.18
2006 12 15 21 04 42 000        3.44       0.36      -0.92    -565.76      42.87      46.63       2.61   34350.36
2006 12 15 21 09 42 000        1.44      -1.08      -2.54    -587.03      18.62      39.36       2.56   47969.09
2006 12 15 21 14 42 000       -1.23      -2.34      -1.67    -612.33      11.40      49.29       2.62   42542.04
2006 12 15 21 19 42 000       -0.78      -2.05      -1.37    -613.40       6.62      49.92       2.68   36368.58
2006 12 15 21 24 42 000       -0.75      -2.32      -4.30    -617.64     -15.53      22.96       2.35   38654.37
2006 12 15 21 29 42 000       -1.83      -3.00      -3.05    -620.74     -15.46      25.82       2.05   41646.91
2006 12 15 21 34 42 000       -2.05      -3.18      -2.41    -620.68     -12.50      31.43       2.13   32140.07
2006 12 15 21 39 42 000       -2.10      -3.18      -2.36    -620.90     -13.84      29.58       2.04   29272.91
2006 12 15 21 44 42 000       -2.20      -3.26      -1.65    -623.81     -15.42      30.90       1.99   33184.89
2006 12 15 21 49 42 000       -1.76      -2.85      -2.73    -630.35     -20.59      27.36       2.23   31486.99
2006 12 15 21 54 42 000       -0.61      -1.91      -3.43    -628.71     -20.03      23.87       2.75   33286.60
2006 12 15 21 59 42 000       -0.72      -1.93      -3.55    -631.32     -20.03      24.79       2.86   36266.18
2006 12 15 22 04 42 000       -0.72      -1.83      -3.27    -636.77     -21.90      25.82       2.62   36368.02
2006 12 15 22 09 42 000       -0.61      -1.73      -3.50    -635.25     -21.94      24.32       2.75   29472.11
2006 12 15 22 14 42 000        0.10      -1.22      -3.65    -640.53     -22.03      29.16       2.50   34592.89
2006 12 15 22 19 42 000        2.77       0.71      -2.86    -651.12     -24.32      33.62       2.02   40495.64
2006 12 15 22 24 42 000        2.80       0.42      -3.16    -653.53     -27.73      30.56       2.07   28876.11
2006 12 15 22 29 42 000        1.07      -1.04      -3.75    -647.52     -24.60      28.14       2.21   30950.40
2006 12 15 22 34 42 000        0.03      -1.40      -3.78    -642.71     -24.51      30.23       2.37   38082.73
2006 12 15 22 39 42 000       -0.35      -1.61      -3.82    -644.85     -23.08      28.84       2.20   32203.59
2006 12 15 22 44 42 000       -0.31      -1.79      -3.83    -641.11     -21.05      29.59       2.17   33506.01
2006 12 15 22 49 42 000       -1.34      -2.10      -2.99    -639.55     -21.38      29.82       2.40   38366.65
2006 12 15 22 54 42 000       -1.24      -1.53      -1.78    -652.77      -1.17      11.96       1.39   33752.62
2006 12 15 22 59 42 000       -0.77      -1.14      -1.66    -658.05       8.94       7.02       0.74   31027.29
2006 12 15 23 04 42 000       -1.21      -1.57      -1.25    -656.29       5.82      13.89       1.18   32245.68
2006 12 15 23 09 42 000       -1.20      -1.63      -0.63    -655.81      10.73       4.53       1.39   37069.02
2006 12 15 23 14 42 000       -1.13      -1.53      -0.89    -653.90       7.33       3.84       1.42   40098.32
2006 12 15 23 19 42 000       -1.05      -1.35      -1.00    -654.34       5.25       8.14       1.32   34477.48
2006 12 15 23 24 42 000       -0.96      -1.34      -0.94    -652.01       6.53       6.91       1.31   29840.91
2006 12 15 23 29 42 000       -1.14      -1.28      -0.85    -649.33      10.48       8.88       1.17   26093.51
2006 12 15 23 34 42 000       -1.19      -0.97      -1.02    -648.83      10.54       9.17       1.21   32061.33
2006 12 15 23 39 42 000       -0.40      -0.98      -1.73    -651.67       5.92       8.19       1.52   35444.21
2006 12 15 23 44 42 000       -0.04      -0.72      -2.03    -654.23       3.67      10.45       1.58   26529.85
2006 12 15 23 49 42 000       -0.25      -0.24      -2.08    -651.97      -4.37      14.24       1.73   31916.42
2006 12 15 23 54 42 000        0.21      -0.12      -2.28    -652.95      -5.14      17.09       1.62   34480.65
2006 12 15 23 59 42 000        0.53      -0.09      -2.39    -652.00      -4.13      21.25       1.48   28743.08
2006 12 16 00 04 42 000        0.82      -0.06      -2.44    -650.01      -5.52      23.22       1.53   32510.87
2006 12 16 00 09 42 000        1.28       0.05      -2.40    -652.78      -4.17      23.29       1.46   31448.92
2006 12 16 00 14 42 000        1.13       0.15      -2.43    -651.51      -5.18      23.64       1.48   31182.62
2006 12 16 00 19 42 000        1.21       0.31      -2.45    -650.80      -5.83      24.13       1.49   33675.87
2006 12 16 00 24 42 000        1.80       0.45      -2.16    -652.09      -4.68      19.80       1.52   30941.96
2006 12 16 00 29 42 000        1.94       0.25      -1.90    -649.89       0.07      10.63       1.57   29762.19
