File created on 2020-11-05T09:33:08.400803
File created on 2016-01-15T21:33:45.138918
#COOR
GSM


#START
2001 08 30 19 00 01 000        0.00      -3.72      -4.64    -459.58     -29.81     -12.72       3.60   83678.68
2001 08 30 20 00 01 000        0.00      -3.71       2.69    -439.40     -21.71       9.74       3.48  117783.05
2001 08 30 21 00 01 000        0.00      -3.18       3.90    -437.35     -17.40      38.46       2.84   55273.51
2001 08 30 22 00 01 000        0.00      -2.58       4.21    -429.74     -19.93      45.06       3.74   52627.47
2001 08 30 23 00 01 000        0.00      -2.63       1.29    -415.30     -23.95      36.15       4.00   84383.18
2001 08 31 00 00 01 000        0.00      -1.51      -1.26    -406.97     -13.55      33.35       2.86   86329.61
2001 08 31 01 00 01 000        0.00      -2.06      -1.66    -405.59     -21.22      21.35       3.24   86577.29
2001 08 31 02 00 01 000        0.00      -3.33      -3.33    -410.00     -39.43       8.61       5.33   82343.43
2001 08 31 03 00 01 000        0.00      -3.63      -3.94    -402.81     -45.08      13.81       5.48   59483.28
2001 08 31 04 00 01 000        0.00      -3.68      -4.05    -389.65     -42.86      23.10       4.62   44546.66
2001 08 31 05 00 01 000        0.00      -2.66      -3.61    -387.54     -25.59      22.12       4.53   40046.45
2001 08 31 06 00 01 000        0.00      -3.45      -4.15    -385.43     -32.20      21.44       4.87   22323.65
2001 08 31 07 00 01 000        0.00      -2.93      -4.67    -395.47     -27.54      31.44       5.21   39453.61
2001 08 31 08 00 01 000        0.00      -1.77      -4.82    -422.99      12.17      20.12       4.44   51073.57
2001 08 31 09 00 01 000        0.00      -1.87      -5.99    -431.50      18.70       8.88       5.58   49262.01
2001 08 31 10 00 01 000        0.00      -0.26      -1.80    -423.53      18.31      12.91       5.65  103997.90
2001 08 31 11 00 01 000        0.00       0.10       0.96    -432.73      34.04     -17.81       4.12  144960.81
2001 08 31 12 00 01 000        0.00       1.62      -1.71    -438.11      35.64     -25.71       4.64  140168.63
2001 08 31 13 00 01 000        0.00       2.08       0.41    -425.25      27.08       3.81       2.98  138462.31
2001 08 31 14 00 01 000        0.00      -0.41       2.76    -419.18      29.31      10.97       2.68  136967.22
2001 08 31 15 00 01 000        0.00      -1.90       2.49    -408.88      34.12      24.44       2.96  133933.05
2001 08 31 16 00 01 000        0.00      -2.73       2.13    -424.42      37.57      24.29       2.55  133800.83
2001 08 31 17 00 01 000        0.00      -1.84      -0.08    -461.37      40.09      -0.03       5.92  111059.39
2001 08 31 18 00 01 000        0.00      -3.02      -0.21    -453.67      21.24      -0.39       4.65   91433.38
2001 08 31 19 00 01 000        0.00      -3.54       0.13    -435.89      14.56       2.04       1.86  110305.32
2001 08 31 20 00 01 000        0.00      -1.10      -1.16    -431.70      23.55      -2.11       3.18  126749.37
2001 08 31 21 00 01 000        0.00      -2.03      -0.85    -430.94      18.11       3.72       2.49  122824.50
2001 08 31 22 00 01 000        0.00      -2.30      -1.44    -430.68      13.19       2.92       2.74  107181.10
2001 08 31 23 00 01 000        0.00      -1.37      -1.27    -426.41      17.61       3.90       3.24   76369.35
