File created on 2021-08-30T14:00:00.126600
File created on 2016-01-15T21:33:45.138918
#COOR
GSM


#START
2001 08 30 19 00 01 000        0.00      -3.76      -4.65    -459.67     -30.48     -12.77       3.60   83467.63
2001 08 30 19 15 01 000        0.00      -4.57      -2.40    -453.30     -28.79     -11.36       3.62  102424.50
2001 08 30 19 30 01 000        0.00      -3.74       0.77    -446.83     -28.21      -4.40       4.09  125848.43
2001 08 30 19 45 01 000        0.00      -2.92       3.36    -443.53     -16.44      10.46       3.89  116541.42
2001 08 30 20 00 01 000        0.00      -3.71       1.72    -440.29     -21.95       4.65       3.59  115438.17
2001 08 30 20 15 01 000        0.00      -4.17       1.45    -438.69     -28.62       7.81       3.21  121112.10
2001 08 30 20 30 01 000        0.00      -3.59       3.45    -437.53     -18.79      27.28       2.88   84732.76
2001 08 30 20 45 01 000        0.00      -3.13       3.97    -434.67     -15.74      37.34       2.71   54363.01
2001 08 30 21 00 01 000        0.00      -3.09       4.50    -436.61     -17.44      43.84       2.59   51354.75
2001 08 30 21 15 01 000        0.00      -3.15       4.60    -441.07     -16.37      45.43       2.97   47094.80
2001 08 30 21 30 01 000        0.00      -3.35       3.71    -437.07     -18.31      39.10       3.01   55473.96
2001 08 30 21 45 01 000        0.00      -2.51       4.26    -432.03     -17.55      38.77       3.24   51228.97
2001 08 30 22 00 01 000        0.00      -1.59       4.67    -430.07     -16.99      46.78       4.36   41325.09
2001 08 30 22 15 01 000        0.00      -2.84       2.94    -423.45     -28.27      43.16       4.58   62466.11
2001 08 30 22 30 01 000        0.00      -3.07       2.86    -419.59     -29.73      40.25       4.08   73988.18
2001 08 30 22 45 01 000        0.00      -2.92       2.91    -420.17     -22.90      42.69       3.95   75936.98
2001 08 30 23 00 01 000        0.00      -3.38       1.11    -419.97     -22.54      36.33       3.42   79394.94
2001 08 30 23 15 01 000        0.00      -1.86       0.17    -415.01     -17.15      34.14       3.30   85799.10
2001 08 30 23 30 01 000        0.00      -1.29      -0.49    -406.80     -15.10      34.58       3.59   97104.18
2001 08 30 23 45 01 000        0.00      -1.60      -0.80    -405.48     -16.80      32.98       3.32   89392.12
2001 08 31 00 00 01 000        0.00      -1.76      -0.98    -407.14     -19.03      31.90       3.19   80948.73
2001 08 31 00 15 01 000        0.00      -2.19      -1.65    -406.97     -18.27      30.11       2.93   84737.95
2001 08 31 00 30 01 000        0.00      -1.71      -1.71    -405.89     -15.82      29.09       2.98   85755.81
2001 08 31 00 45 01 000        0.00      -1.92      -1.63    -404.03     -20.57      24.94       3.05   80752.75
2001 08 31 01 00 01 000        0.00      -1.68      -1.92    -407.82     -15.40      23.22       2.72   85946.06
2001 08 31 01 15 01 000        0.00      -1.71      -1.66    -408.18     -17.37      22.54       3.16   93172.47
2001 08 31 01 30 01 000        0.00      -2.68      -1.47    -402.62     -30.49      13.01       3.69   88728.43
2001 08 31 01 45 01 000        0.00      -3.07      -2.86    -406.19     -37.92       8.41       5.30   85781.31
2001 08 31 02 00 01 000        0.00      -3.98      -3.79    -412.58     -47.00      10.63       6.52   84042.83
2001 08 31 02 15 01 000        0.00      -3.72      -4.41    -415.42     -44.37       4.84       5.58   68339.33
2001 08 31 02 30 01 000        0.00      -3.43      -4.92    -412.28     -42.50       3.29       5.51   56103.72
2001 08 31 02 45 01 000        0.00      -3.65      -3.14    -402.43     -45.57      10.44       5.45   72186.72
2001 08 31 03 00 01 000        0.00      -3.47      -2.55    -398.05     -43.34      17.71       5.15   75221.54
2001 08 31 03 15 01 000        0.00      -4.09      -3.54    -395.44     -46.13      22.75       5.43   60078.91
2001 08 31 03 30 01 000        0.00      -3.53      -4.04    -392.16     -43.38      22.68       5.26   50615.35
2001 08 31 03 45 01 000        0.00      -3.27      -4.98    -396.75     -42.37      21.85       4.63   37676.44
2001 08 31 04 00 01 000        0.00      -3.49      -5.16    -395.75     -43.59      19.74       4.24   32872.47
2001 08 31 04 15 01 000        0.00      -3.32      -4.01    -389.34     -38.46      19.31       4.91   38513.43
2001 08 31 04 30 01 000        0.00      -3.90      -3.24    -390.93     -39.44      20.59       4.69   47628.12
2001 08 31 04 45 01 000        0.00      -2.85      -3.29    -384.38     -31.89      24.66       4.24   50760.41
2001 08 31 05 00 01 000        0.00      -2.49      -3.26    -378.70     -23.47      26.94       4.60   42351.73
2001 08 31 05 15 01 000        0.00      -3.36      -3.48    -384.32     -26.36      20.51       4.54   31218.10
2001 08 31 05 30 01 000        0.00      -2.95      -3.92    -386.19     -25.24      21.23       4.91   29743.35
2001 08 31 05 45 01 000        0.00      -2.82      -4.27    -389.97     -25.86      20.48       4.63   30209.62
2001 08 31 06 00 01 000        0.00      -2.73      -4.35    -388.49     -28.64      21.77       4.37   24830.26
2001 08 31 06 15 01 000        0.00      -3.01      -4.72    -389.12     -31.55      26.82       5.24   25128.37
2001 08 31 06 30 01 000        0.00      -3.50      -4.76    -393.91     -35.76      23.39       5.42   22044.43
2001 08 31 06 45 01 000        0.00      -3.32      -4.16    -389.06     -36.52      27.04       5.26   24257.14
2001 08 31 07 00 01 000        0.00      -3.17      -4.80    -389.97     -30.18      22.03       5.28   27026.05
2001 08 31 07 15 01 000        0.00      -3.99      -4.26    -390.22     -27.25      29.94       5.13   33200.93
2001 08 31 07 30 01 000        0.00      -3.88      -3.84    -398.18     -19.18      46.90       4.65   70002.63
2001 08 31 07 45 01 000        0.00      -1.05      -5.07    -422.91      11.39      28.63       4.16   82270.84
2001 08 31 08 00 01 000        0.00      -0.01      -5.09    -439.99      25.72      17.35       4.23   61011.71
2001 08 31 08 15 01 000        0.00      -0.42      -5.50    -438.75      28.45      13.34       5.05   40682.64
2001 08 31 08 30 01 000        0.00      -0.44      -6.22    -426.35      30.05       3.39       5.41   25832.38
2001 08 31 08 45 01 000        0.00      -2.20      -6.62    -423.50       5.33       2.40       5.00   23043.04
2001 08 31 09 00 01 000        0.00      -3.78      -5.46    -424.03      -0.97       8.05       5.25   25174.81
2001 08 31 09 15 01 000        0.00      -4.41      -3.49    -426.66      14.73      21.71       5.12   72677.38
2001 08 31 09 30 01 000        0.00      -2.86      -3.55    -433.07      18.90      18.90       5.92  113039.81
2001 08 31 09 45 01 000        0.00       0.52      -4.91    -425.40      22.79       7.18       6.88  100149.51
2001 08 31 10 00 01 000        0.00       2.30      -4.70    -419.95      27.03      11.66       5.47  109863.11
2001 08 31 10 15 01 000        0.00       3.83       0.28    -421.63      26.23      15.16       5.77  100963.88
2001 08 31 10 30 01 000        0.00       0.81       2.52    -431.15      23.98      -0.72       5.30   95275.20
2001 08 31 10 45 01 000        0.00      -4.49       0.32    -444.72      27.72     -17.59       2.87  143982.38
2001 08 31 11 00 01 000        0.00      -0.95       1.02    -430.70      29.11     -18.70       3.93  153379.91
2001 08 31 11 15 01 000        0.00       1.26       1.43    -417.56      33.21     -20.69       4.69  144569.66
2001 08 31 11 30 01 000        0.00      -1.55      -0.13    -435.51      40.59     -27.60       4.09  162196.59
2001 08 31 11 45 01 000        0.00       1.35      -1.95    -443.21      33.44     -26.57       4.53  155139.99
2001 08 31 12 00 01 000        0.00       3.79      -2.67    -434.94      34.30     -22.36       4.87  128162.22
2001 08 31 12 15 01 000        0.00       3.21      -2.24    -437.62      40.86     -25.57       5.34  130847.93
2001 08 31 12 30 01 000        0.00       2.93      -1.41    -441.47      35.31     -18.87       4.11  146227.79
2001 08 31 12 45 01 000        0.00       1.84       0.47    -435.09      29.89       3.52       2.36  129208.88
2001 08 31 13 00 01 000        0.00       1.31       1.02    -421.49      26.15       8.94       2.66  130344.17
2001 08 31 13 15 01 000        0.00       0.63       1.18    -416.44      24.77       3.79       3.01  146221.72
2001 08 31 13 30 01 000        0.00       0.21       2.18    -420.72      21.86       8.84       2.85  138822.56
2001 08 31 13 45 01 000        0.00       0.09       2.06    -417.01      24.13      11.12       2.78  138405.25
2001 08 31 14 00 01 000        0.00       0.02       2.33    -418.83      33.06      12.66       2.70  137984.44
2001 08 31 14 15 01 000        0.00       0.15       2.61    -419.79      31.31      16.04       2.62  142799.66
2001 08 31 14 30 01 000        0.00      -0.43       2.59    -412.08      33.36      13.99       2.71  139058.49
2001 08 31 14 45 01 000        0.00      -1.22       3.25    -417.56      37.29      13.05       2.68  126333.12
2001 08 31 15 00 01 000        0.00      -2.87       2.91    -414.69      33.78      22.66       2.82  130457.80
2001 08 31 15 15 01 000        0.00      -3.57       2.09    -403.76      34.74      33.28       3.37  132542.16
2001 08 31 15 30 01 000        0.00      -2.10       1.94    -408.12      35.74      32.25       3.22  140739.90
2001 08 31 15 45 01 000        0.00      -1.18       3.04    -418.91      43.62      24.17       2.73  141726.57
2001 08 31 16 00 01 000        0.00      -3.77       1.65    -425.71      35.83      22.20       2.36  120001.30
2001 08 31 16 15 01 000        0.00      -4.27       0.93    -426.82      23.44      25.48       2.80  105291.67
2001 08 31 16 30 01 000        0.00      -0.42       3.69    -439.93      41.46      13.01       2.95  144978.38
2001 08 31 16 45 01 000        0.00      -1.84      -0.32    -456.54      44.11      -0.56       2.46  184323.20
2001 08 31 17 00 01 000        0.00      -2.36      -2.51    -464.62      39.84      -2.81       6.62  106637.92
2001 08 31 17 15 01 000        0.00      -0.59       0.52    -474.92      47.55      -6.19      10.73   29105.94
2001 08 31 17 30 01 000        0.00      -2.52      -0.37    -474.07      43.66      -3.61       7.69   76155.36
2001 08 31 17 45 01 000        0.00      -2.67       0.40    -453.02      30.18       1.91       3.78  137824.32
2001 08 31 18 00 01 000        0.00      -3.50       0.55    -439.80       8.50       4.26       2.75  114943.53
2001 08 31 18 15 01 000        0.00      -4.18      -0.66    -442.89       2.40       1.98       2.66   82361.21
2001 08 31 18 30 01 000        0.00      -3.79      -0.07    -444.70       7.99       2.51       2.65   89200.31
2001 08 31 18 45 01 000        0.00      -3.82      -0.13    -443.66      17.50       1.46       2.39   99107.87
2001 08 31 19 00 01 000        0.00      -2.17       0.10    -436.61      33.17      -5.35       2.54  120169.87
2001 08 31 19 15 01 000        0.00      -2.80      -0.19    -436.53      19.85      -2.65       2.86  114636.66
2001 08 31 19 30 01 000        0.00      -2.36      -0.25    -434.99      17.63       2.29       2.74  112705.20
2001 08 31 19 45 01 000        0.00      -1.44      -0.32    -430.05      25.73       4.07       2.72  133519.77
2001 08 31 20 00 01 000        0.00      -2.29      -1.62    -436.86      12.06      -2.31       2.79  120466.96
2001 08 31 20 15 01 000        0.00      -0.93      -0.87    -429.71      25.14      -0.35       2.64  128330.22
2001 08 31 20 30 01 000        0.00      -1.52      -0.50    -424.49      24.10       7.65       2.65  127414.95
2001 08 31 20 45 01 000        0.00      -1.49      -1.96    -429.80      13.40      -5.70       2.76  114090.68
2001 08 31 21 00 01 000        0.00      -0.57      -1.37    -428.07      24.25      -5.75       2.84  142500.63
2001 08 31 21 15 01 000        0.00      -2.40      -0.60    -432.39      17.50       5.53       2.68  130156.10
2001 08 31 21 30 01 000        0.00      -2.92      -0.95    -435.71      16.58       7.79       2.41   97516.06
2001 08 31 21 45 01 000        0.00      -2.77      -0.85    -433.21      15.53       8.66       2.56  103736.36
2001 08 31 22 00 01 000        0.00      -2.94      -0.43    -433.26      12.02       5.58       2.61  111297.13
2001 08 31 22 15 01 000        0.00      -1.97      -1.67    -433.15      16.58       3.71       3.05  103000.97
2001 08 31 22 30 01 000        0.00      -1.11      -3.06    -428.06      11.19      -3.45       3.50   93735.72
2001 08 31 22 45 01 000        0.00      -1.42      -1.49    -421.32      12.84      -2.11       3.00   92609.21
2001 08 31 23 00 01 000        0.00      -1.54      -0.74    -420.84      17.63       6.81       2.85   73046.41
2001 08 31 23 15 01 000        0.00      -1.31      -0.73    -423.87      20.25       7.04       2.78   58023.64
2001 08 31 23 30 01 000        0.00      -1.50      -0.09    -428.12      24.64       9.62       2.45   64122.34
2001 08 31 23 45 01 000        0.00      -1.65       0.02    -428.67      23.49       9.91       2.50   60155.64
