File created on 2020-06-26T10:52:02.256753
#COOR
GSM


#START
1989 03 12 00 00 00 000        3.00      -2.20      -0.00    -400.00       0.00       0.00      13.30   45443.09
1989 03 12 01 00 00 000        3.00      -1.50      -1.22    -400.00       0.00       0.00      13.00   45443.09
1989 03 12 02 00 00 000        3.00      -0.80      -1.23    -400.00       0.00       0.00      12.80   45443.09
1989 03 12 03 00 00 000        3.00      -0.30      -1.22    -400.00       0.00       0.00      12.80   45443.09
1989 03 12 04 00 00 000        3.00      -0.30      -1.22    -400.00       0.00       0.00      13.00   45443.09
1989 03 12 05 00 00 000        3.00      -0.70      -2.89    -400.00       0.00       0.00      13.40   45443.09
1989 03 12 06 00 00 000        3.00      -1.00      -2.28    -400.00       0.00       0.00      14.00   45443.09
1989 03 12 07 00 00 000        3.00      -1.10      -1.22    -400.00       0.00       0.00      14.90   45443.09
1989 03 12 08 00 00 000        3.00      -1.30      -4.26    -400.00       0.00       0.00      15.90   45443.09
1989 03 12 09 00 00 000        3.00      -1.70      -3.07    -400.00       0.00       0.00      17.00   45443.09
1989 03 12 10 00 00 000        3.00      -2.20      -5.82    -400.00       0.00       0.00      18.10   45443.09
1989 03 12 11 00 00 000        3.00      -2.30      -9.55    -400.00       0.00       0.00      19.20   45443.09
1989 03 12 12 00 00 000        3.00      -1.70     -10.40    -400.00       0.00       0.00      20.20   45443.09
1989 03 12 13 00 00 000        3.00      -0.60      -1.22    -400.00       0.00       0.00      21.10   45443.09
1989 03 12 14 00 00 000        3.00      -0.20      -1.23    -400.00       0.00       0.00      21.80   45443.09
1989 03 12 15 00 00 000        3.00      -1.00      -1.22    -400.00       0.00       0.00      22.40   45443.09
1989 03 12 16 00 00 000        3.00      -2.40      -6.57    -400.00       0.00       0.00      23.00   45443.09
1989 03 12 17 00 00 000        3.00      -3.30     -12.92    -400.00       0.00       0.00      23.40   45443.09
1989 03 12 18 00 00 000        3.00      -2.70      -7.50    -400.00       0.00       0.00      23.80   45443.09
1989 03 12 19 00 00 000        3.00      -1.40      -1.23    -400.00       0.00       0.00      24.30   45443.09
1989 03 12 20 00 00 000        3.00      -0.40      -3.55    -400.00       0.00       0.00      24.70   45443.09
1989 03 12 21 00 00 000        3.00      -0.20      -3.61    -400.00       0.00       0.00      25.30   45443.09
1989 03 12 22 00 00 000        3.00      -0.60      -4.34    -400.00       0.00       0.00      25.80   45443.09
1989 03 12 23 00 00 000        3.00      -1.30      -1.22    -400.00       0.00       0.00      26.30   45443.09
1989 03 13 00 00 00 000        3.00      -2.10      -4.83    -400.00       0.00       0.00      26.60   45443.09
1989 03 13 01 00 00 000        3.00      -2.90      -1.22    -400.00       0.00       0.00      26.60   45443.09
1989 03 13 02 00 00 000        3.00      -3.40     -15.42    -550.00       0.00       0.00      26.30  122462.80
1989 03 13 03 00 00 000        3.00      -3.50     -15.19    -550.00       0.00       0.00      25.60  122462.80
1989 03 13 04 00 00 000        3.00      -3.40     -18.94    -550.00       0.00       0.00      24.40  122462.80
1989 03 13 05 00 00 000        3.00      -3.30      -9.35    -550.00       0.00       0.00      22.80  122462.80
1989 03 13 06 00 00 000        3.00      -3.50     -24.75    -550.00       0.00       0.00      20.80  122462.80
1989 03 13 07 00 00 000        3.00      -3.90     -16.31    -550.00       0.00       0.00      18.40  122462.80
1989 03 13 08 00 00 000        3.00      -4.20     -13.37    -983.00       0.00       0.00      15.90  746576.33
1989 03 13 09 00 00 000        3.00      -4.20      -0.50    -983.00       0.00       0.00      13.30  746576.33
1989 03 13 10 00 00 000        3.00      -4.00      -7.49    -983.00       0.00       0.00      10.80  746576.33
1989 03 13 11 00 00 000        3.00      -3.80     -38.97    -983.00       0.00       0.00       8.40  746576.33
1989 03 13 12 00 00 000        3.00      -3.80     -18.73    -983.00       0.00       0.00       6.30  746576.33
1989 03 13 13 00 00 000        3.00      -3.80      -4.35    -983.00       0.00       0.00       4.50  746576.33
1989 03 13 14 00 00 000        3.00      -3.80     -14.85    -983.00       0.00       0.00       3.10  746576.33
1989 03 13 15 00 00 000        3.00      -3.80     -20.68    -983.00       0.00       0.00       1.80  746576.33
1989 03 13 16 00 00 000        3.00      -3.70      -2.81    -983.00       0.00       0.00       0.80  248858.78
1989 03 13 17 00 00 000        3.00      -3.60     -25.33    -983.00       0.00       0.00       0.50  248858.78
1989 03 13 18 00 00 000        3.00      -3.70     -15.38    -983.00       0.00       0.00       0.50  248858.78
1989 03 13 19 00 00 000        3.00      -3.70     -14.64    -983.00       0.00       0.00       0.50  248858.78
1989 03 13 20 00 00 000        3.00      -3.80     -29.43    -983.00       0.00       0.00       0.50  248858.78
1989 03 13 21 00 00 000        3.00      -3.90     -42.21    -983.00       0.00       0.00       0.50  248858.78
1989 03 13 22 00 00 000        3.00      -4.30     -37.61    -983.00       0.00       0.00       0.50  248858.78
1989 03 13 23 00 00 000        3.00      -4.80     -45.72    -983.00       0.00       0.00       0.50  248858.78
1989 03 14 00 00 00 000        3.00      -5.00     -65.26    -983.00       0.00       0.00       0.50  248858.78
1989 03 14 01 00 00 000        3.00      -4.50     -48.09    -983.00       0.00       0.00       0.50  248858.78
1989 03 14 02 00 00 000        3.00      -3.50     -13.14    -983.00       0.00       0.00       0.50  248858.78
1989 03 14 03 00 00 000        3.00      -2.60     -10.36    -975.59       0.00       0.00       0.50  243066.08
1989 03 14 04 00 00 000        3.00      -2.50     -10.35    -968.18       0.00       0.00       0.50  237365.59
1989 03 14 05 00 00 000        3.00      -3.00     -23.26    -960.77       0.00       0.00       0.50  231756.54
1989 03 14 06 00 00 000        3.00      -3.60      -7.27    -953.36       0.00       0.00       0.80  226238.14
1989 03 14 07 00 00 000        3.00      -3.50     -13.69    -945.95       0.00       0.00       3.70  220809.63
1989 03 14 08 00 00 000        3.00      -2.70      -3.96    -938.55       0.00       0.00       6.90  215470.21
1989 03 14 09 00 00 000        3.00      -1.90      -1.96    -931.14       0.00       0.00      10.10  210219.13
1989 03 14 10 00 00 000        3.00      -1.60      -4.79    -923.73       0.00       0.00      13.20  205055.59
1989 03 14 11 00 00 000        3.00      -1.90      -4.64    -916.32       0.00       0.00      16.10  199978.82
1989 03 14 12 00 00 000        3.00      -2.00     -25.62    -908.91       0.00       0.00      18.70  194988.06
1989 03 14 13 00 00 000        3.00      -2.00      -1.71    -901.50       0.00       0.00      20.90  190082.52
1989 03 14 14 00 00 000        3.00      -2.40      -3.12    -894.09       0.00       0.00      22.70  185261.44
1989 03 14 15 00 00 000        3.00      -3.40      -4.46    -886.68       0.00       0.00      24.10  180524.03
1989 03 14 16 00 00 000        3.00      -5.10      -6.13    -879.27       0.00       0.00      25.00  175869.54
1989 03 14 17 00 00 000        3.00      -7.10      -3.22    -871.86       0.00       0.00      25.40  171297.19
1989 03 14 18 00 00 000        3.00      -8.90     -13.63    -864.45       0.00       0.00      25.30  166806.21
1989 03 14 19 00 00 000        3.00     -10.30      -9.95    -857.05       0.00       0.00      24.60  162395.83
1989 03 14 20 00 00 000        3.00     -10.70      -0.58    -849.64       0.00       0.00      23.60  158065.28
1989 03 14 21 00 00 000        3.00      -9.80     -10.31    -842.23       0.00       0.00      22.00  153813.79
1989 03 14 22 00 00 000        3.00     -10.10      -0.59    -834.82       0.00       0.00       7.40  149640.60
1989 03 14 23 00 00 000        3.00      -7.50      -2.03    -827.41       0.00       0.00      13.90  145544.94
1989 03 15 00 00 00 000        3.00      -0.90     -23.06    -820.00       0.00       0.00      15.80  141526.05
