File created on 2020-08-18T12:23:17.187126
#COOR
GSM


#START
1989 03 12 00 00 00 000        3.00      -2.20      -0.00    -400.00       0.00       0.00      13.30   45443.09
1989 03 12 01 00 00 000        3.00      -1.50      -1.22    -400.00       0.00       0.00      13.00   45443.09
1989 03 12 02 00 00 000        3.00      -0.80      -1.23    -400.00       0.00       0.00      12.80   45443.09
1989 03 12 03 00 00 000        3.00      -0.30      -1.22    -400.00       0.00       0.00      12.80   45443.09
1989 03 12 04 00 00 000        3.00      -0.30      -1.22    -400.00       0.00       0.00      13.00   45443.09
1989 03 12 05 00 00 000        3.00      -0.70      -2.89    -400.00       0.00       0.00      13.40   45443.09
1989 03 12 06 00 00 000        3.00      -1.00      -2.28    -400.00       0.00       0.00      14.00   45443.09
1989 03 12 07 00 00 000        3.00      -1.10      -1.22    -400.00       0.00       0.00      14.90   45443.09
1989 03 12 08 00 00 000        3.00      -1.30      -4.26    -400.00       0.00       0.00      15.90   45443.09
1989 03 12 09 00 00 000        3.00      -1.70      -3.07    -400.00       0.00       0.00      17.00   45443.09
1989 03 12 10 00 00 000        3.00      -2.20      -5.51    -400.00       0.00       0.00      17.10   45443.09
1989 03 12 11 00 00 000        3.00      -2.30      -8.91    -400.00       0.00       0.00      16.22   45443.09
1989 03 12 12 00 00 000        3.00      -1.70      -7.87    -400.00       0.00       0.00      10.48   45443.09
1989 03 12 13 00 00 000        3.00      -0.60      -1.22    -400.00       0.00       0.00      14.36   45443.09
1989 03 12 14 00 00 000        3.00      -0.20      -1.22    -400.00       0.00       0.00      11.30   45443.09
1989 03 12 15 00 00 000        3.00      -1.00      -1.22    -400.00       0.00       0.00      10.22   45443.09
1989 03 12 16 00 00 000        3.00      -2.40      -5.69    -400.00       0.00       0.00       9.36   45443.09
1989 03 12 17 00 00 000        3.00      -3.30     -12.50    -400.00       0.00       0.00      10.18   45443.09
1989 03 12 18 00 00 000        3.00      -2.70      -6.83    -400.00       0.00       0.00      10.06   45443.09
1989 03 12 19 00 00 000        3.00      -1.40      -1.22    -400.00       0.00       0.00       8.00   45443.09
1989 03 12 20 00 00 000        3.00      -0.40      -3.39    -400.00       0.00       0.00       8.92   45443.09
1989 03 12 21 00 00 000        3.00      -0.20      -2.65    -400.00       0.00       0.00       8.14   45443.09
1989 03 12 22 00 00 000        3.00      -0.60      -4.10    -400.00       0.00       0.00       9.08   45443.09
1989 03 12 23 00 00 000        3.00      -1.30      -1.22    -400.00       0.00       0.00      10.36   45443.09
1989 03 13 00 00 00 000        3.00      -2.10      -4.20    -400.00       0.00       0.00      10.16   45443.09
1989 03 13 01 00 00 000        3.00      -2.90      -1.22    -400.00       0.00       0.00      15.36   45443.09
1989 03 13 02 00 00 000        3.00      -3.40     -15.73    -550.00       0.00       0.00      20.62  122462.80
1989 03 13 03 00 00 000        3.00      -3.50     -16.58    -550.00       0.00       0.00      26.58  122462.80
1989 03 13 04 00 00 000        3.00      -3.40     -19.32    -550.00       0.00       0.00      26.64  122462.80
1989 03 13 05 00 00 000        3.00      -3.30      -8.38    -550.00       0.00       0.00      21.94  122462.80
1989 03 13 06 00 00 000        3.00      -3.50     -24.03    -550.00       0.00       0.00      17.78  122462.80
1989 03 13 07 00 00 000        3.00      -3.90     -16.67    -550.00       0.00       0.00      17.06  122462.80
1989 03 13 08 00 00 000        3.00      -4.20     -12.39    -983.00       0.00       0.00      12.82  746576.33
1989 03 13 09 00 00 000        3.00      -4.20      -0.50    -983.00       0.00       0.00      14.46  746576.33
1989 03 13 10 00 00 000        3.00      -4.00      -8.44    -983.00       0.00       0.00      13.86  746576.33
1989 03 13 11 00 00 000        3.00      -3.80     -39.84    -983.00       0.00       0.00      12.78  746576.33
1989 03 13 12 00 00 000        3.00      -3.80     -20.68    -983.00       0.00       0.00      13.46  746576.33
1989 03 13 13 00 00 000        3.00      -3.80      -4.75    -983.00       0.00       0.00      11.80  746576.33
1989 03 13 14 00 00 000        3.00      -3.80     -17.62    -983.00       0.00       0.00      13.88  746576.33
1989 03 13 15 00 00 000        3.00      -3.80     -23.45    -983.00       0.00       0.00      14.46  746576.33
1989 03 13 16 00 00 000        3.00      -3.70      -6.55    -983.00       0.00       0.00      10.36  248858.78
1989 03 13 17 00 00 000        3.00      -3.60     -27.45    -983.00       0.00       0.00      10.00  248858.78
1989 03 13 18 00 00 000        3.00      -3.70     -18.28    -983.00       0.00       0.00      11.64  248858.78
1989 03 13 19 00 00 000        3.00      -3.70     -16.42    -983.00       0.00       0.00      10.50  248858.78
1989 03 13 20 00 00 000        3.00      -3.80     -32.39    -983.00       0.00       0.00      13.10  248858.78
1989 03 13 21 00 00 000        3.00      -3.90     -43.92    -983.00       0.00       0.00      11.22  248858.78
1989 03 13 22 00 00 000        3.00      -4.30     -39.36    -983.00       0.00       0.00      10.00  248858.78
1989 03 13 23 00 00 000        3.00      -4.80     -47.79    -983.00       0.00       0.00      10.00  248858.78
1989 03 14 00 00 00 000        3.00      -5.00     -67.32    -983.00       0.00       0.00      10.00  248858.78
1989 03 14 01 00 00 000        3.00      -4.50     -50.26    -983.00       0.00       0.00      10.00  248858.78
1989 03 14 02 00 00 000        3.00      -3.50     -13.62    -983.00       0.00       0.00      10.00  248858.78
1989 03 14 03 00 00 000        3.00      -2.60     -10.91    -975.59       0.00       0.00      10.00  243066.08
1989 03 14 04 00 00 000        3.00      -2.50     -16.20    -968.18       0.00       0.00      11.98  237365.59
1989 03 14 05 00 00 000        3.00      -3.00     -24.77    -960.77       0.00       0.00      10.00  231756.54
1989 03 14 06 00 00 000        3.00      -3.60      -7.94    -953.36       0.00       0.00      10.00  226238.14
1989 03 14 07 00 00 000        3.00      -3.50     -11.55    -945.95       0.00       0.00      10.00  220809.63
1989 03 14 08 00 00 000        3.00      -2.70      -4.43    -938.55       0.00       0.00      10.00  215470.21
1989 03 14 09 00 00 000        3.00      -1.90      -2.26    -931.14       0.00       0.00      10.84  210219.13
1989 03 14 10 00 00 000        3.00      -1.60      -1.95    -923.73       0.00       0.00      10.76  205055.59
1989 03 14 11 00 00 000        3.00      -1.90      -4.53    -916.32       0.00       0.00      13.56  199978.82
1989 03 14 12 00 00 000        3.00      -2.00     -24.24    -908.91       0.00       0.00      12.40  194988.06
1989 03 14 13 00 00 000        3.00      -2.00      -1.07    -901.50       0.00       0.00      10.00  190082.52
1989 03 14 14 00 00 000        3.00      -2.40      -0.55    -894.09       0.00       0.00      10.00  185261.44
1989 03 14 15 00 00 000        3.00      -3.40      -1.84    -886.68       0.00       0.00      10.00  180524.03
1989 03 14 16 00 00 000        3.00      -5.10      -4.39    -879.27       0.00       0.00      10.00  175869.54
1989 03 14 17 00 00 000        3.00      -7.10      -1.60    -871.86       0.00       0.00      10.00  171297.19
1989 03 14 18 00 00 000        3.00      -8.90     -12.43    -864.45       0.00       0.00      10.00  166806.21
1989 03 14 19 00 00 000        3.00     -10.30      -8.92    -857.05       0.00       0.00      10.00  162395.83
1989 03 14 20 00 00 000        3.00     -10.70      -0.58    -849.64       0.00       0.00      10.00  158065.28
1989 03 14 21 00 00 000        3.00      -9.80      -9.80    -842.23       0.00       0.00      10.00  153813.79
1989 03 14 22 00 00 000        3.00     -10.10      -8.90    -834.82       0.00       0.00      10.00  149640.60
1989 03 14 23 00 00 000        3.00      -7.50      -0.59    -827.41       0.00       0.00      10.00  145544.94
1989 03 15 00 00 00 000        3.00      -0.90     -22.06    -820.00       0.00       0.00      10.00  141526.05
