File created on 2020-11-05T08:53:52.481402
File created on 2016-01-15T21:35:34.948634
#COOR
GSM


#START
2010 04 04 19 00 01 000        0.00      -4.01       2.28    -493.89     -35.87      22.74       3.75  104655.71
2010 04 04 19 05 01 000        0.00      -3.12       1.92    -496.66     -31.14      38.93       3.29  133283.15
2010 04 04 19 10 01 000        0.00       3.20      -2.66    -508.51      -0.12     -22.46       2.97  144336.85
2010 04 04 19 15 01 000        0.00       3.84      -1.71    -524.51       9.07     -22.78       2.95  131358.09
2010 04 04 19 20 01 000        0.00       3.05      -2.08    -506.24       1.37     -18.21       3.00  133988.08
2010 04 04 19 25 01 000        0.00       3.54      -3.97    -506.76      -2.30     -39.56       3.05  129381.13
2010 04 04 19 30 01 000        0.00       0.98      -3.56    -508.31     -12.09     -29.19       3.48  121879.00
2010 04 04 19 35 01 000        0.00      -0.29      -3.98    -490.73     -27.03     -24.01       3.45  143083.54
2010 04 04 19 40 01 000        0.00       1.53      -1.87    -484.75     -15.08      -8.17       3.59  140079.57
2010 04 04 19 45 01 000        0.00       0.44      -1.45    -478.32     -15.48       0.09       3.89  127798.98
2010 04 04 19 50 01 000        0.00      -0.43      -2.53    -483.21     -27.82     -11.69       3.48  136725.23
2010 04 04 19 55 01 000        0.00       1.84      -1.72    -484.26     -13.55      -6.93       3.55  128723.66
2010 04 04 20 00 01 000        0.00       0.94      -1.34    -476.76     -16.24       2.41       3.87  117082.50
2010 04 04 20 05 01 000        0.00      -0.12       0.33    -476.60     -20.17      13.40       4.08  113959.92
2010 04 04 20 10 01 000        0.00      -0.05       0.63    -473.81     -17.91      18.67       4.26  104620.29
2010 04 04 20 15 01 000        0.00      -0.58      -1.03    -472.68     -25.84       9.00       4.10  104786.77
2010 04 04 20 20 01 000        0.00       0.32      -1.96    -476.86     -24.29      -6.80       3.82  110975.12
2010 04 04 20 25 01 000        0.00       1.93      -0.00    -479.74      -8.99       0.35       3.66  110944.87
2010 04 04 20 30 01 000        0.00       1.68       3.73    -482.71      -1.05      30.33       3.76  116729.23
2010 04 04 20 35 01 000        0.00      -0.24       5.17    -495.59     -10.59      43.08       3.72  121540.13
2010 04 04 20 40 01 000        0.00      -1.21       5.06    -498.59     -14.89      43.53       3.83  113770.67
2010 04 04 20 45 01 000        0.00      -2.60       3.94    -484.88     -29.26      41.46       4.10  106022.52
2010 04 04 20 50 01 000        0.00      -3.18       3.34    -483.70     -37.49      38.15       4.08  111710.28
2010 04 04 20 55 01 000        0.00      -3.87       2.97    -488.44     -37.96      39.16       3.93  117705.92
2010 04 04 21 00 01 000        0.00      -5.39       2.43    -496.64     -51.93      41.24       3.59  124400.08
2010 04 04 21 05 01 000        0.00      -3.73       3.67    -497.39     -36.90      44.14       3.80  129381.68
2010 04 04 21 10 01 000        0.00      -1.59       3.80    -479.36     -22.06      40.60       4.37  109073.72
2010 04 04 21 15 01 000        0.00       0.70       2.94    -478.79     -15.04      27.08       4.00  110339.97
2010 04 04 21 20 01 000        0.00       2.26       3.18    -481.39       0.53      23.49       3.74  120368.25
2010 04 04 21 25 01 000        0.00       1.64       1.56    -472.50      -7.94      15.62       3.89   96835.50
2010 04 04 21 30 01 000        0.00       1.36       0.98    -467.07     -12.86      11.43       3.74   91160.25
2010 04 04 21 35 01 000        0.00       0.39       1.94    -469.82     -13.65      22.20       4.05   99595.54
2010 04 04 21 40 01 000        0.00       0.71      -0.66    -484.43     -17.93      -1.68       3.74  115884.70
2010 04 04 21 45 01 000        0.00       0.93      -2.59    -478.68     -21.86     -21.56       3.24  128530.01
2010 04 04 21 50 01 000        0.00       0.88      -4.24    -485.48     -26.31     -33.95       3.35  123512.56
2010 04 04 21 55 01 000        0.00       2.32      -4.01    -496.08     -14.24     -32.12       3.09  125768.29
2010 04 04 22 00 01 000        0.00       2.16      -1.95    -481.13      -9.47      -9.04       3.20  125696.16
2010 04 04 22 05 01 000        0.00       2.46      -3.85    -492.31      -7.45     -30.22       3.24  120394.23
2010 04 04 22 10 01 000        0.00       3.53      -3.61    -499.03       5.14     -40.76       3.01  109067.85
2010 04 04 22 15 01 000        0.00       3.92      -3.17    -499.49      11.09     -41.14       3.21  104394.52
2010 04 04 22 20 01 000        0.00       3.18      -4.78    -503.00      -1.08     -48.91       3.32  106828.25
2010 04 04 22 25 01 000        0.00       3.52      -4.45    -502.18      -4.30     -43.70       3.12  102935.57
2010 04 04 22 30 01 000        0.00       4.58      -4.38    -510.02      10.00     -50.28       2.94   96514.87
2010 04 04 22 35 01 000        0.00       3.39      -3.54    -493.80       2.93     -39.58       3.02   91995.40
2010 04 04 22 40 01 000        0.00       2.79      -2.70    -485.46      -5.96     -23.84       3.08  113619.40
2010 04 04 22 45 01 000        0.00       1.17      -4.94    -501.44     -18.83     -36.51       3.18  117957.87
2010 04 04 22 50 01 000        0.00       1.68      -5.79    -508.66     -19.56     -49.58       3.25   92139.27
2010 04 04 22 55 01 000        0.00       3.49      -4.80    -511.24      -6.94     -51.25       3.29   97645.73
2010 04 04 23 00 01 000        0.00       3.16      -4.96    -508.41      -9.41     -46.91       3.44  111407.33
2010 04 04 23 05 01 000        0.00       4.31      -4.21    -507.24       3.95     -42.89       3.37  104615.64
2010 04 04 23 10 01 000        0.00       4.03      -4.57    -514.59       1.76     -45.60       3.30  102967.47
2010 04 04 23 15 01 000        0.00       4.07      -4.70    -511.27      -9.53     -45.54       3.10   91935.08
2010 04 04 23 20 01 000        0.00       3.82      -4.09    -516.33      10.89     -44.78       3.44  105920.18
2010 04 04 23 25 01 000        0.00       1.07      -4.26    -530.69      24.11     -30.61       4.18  145754.03
2010 04 04 23 30 01 000        0.00       0.17      -2.94    -517.37      16.19     -24.29       3.96  119068.25
2010 04 04 23 35 01 000        0.00       0.63      -3.40    -522.74      13.37     -31.64       3.98  129307.50
2010 04 04 23 40 01 000        0.00       0.71      -2.96    -525.79      15.49     -11.17       4.60  160617.41
2010 04 04 23 45 01 000        0.00       0.06      -1.20    -505.34      11.12      -6.78       4.61  131266.43
2010 04 04 23 50 01 000        0.00      -0.97      -2.39    -517.80      -2.62     -13.63       4.37  143654.72
2010 04 04 23 55 01 000        0.00      -0.62      -3.50    -520.03      -1.98     -20.27       4.36  134548.97
2010 04 05 00 00 01 000        0.00      -0.57      -2.74    -513.36       2.92     -21.24       4.43  131112.25
2010 04 05 00 05 01 000        0.00      -2.38      -0.54    -513.31     -16.31       8.44       4.90  149126.82
2010 04 05 00 10 01 000        0.00      -1.42      -0.59    -506.59      -6.41       0.68       4.95  112576.17
2010 04 05 00 15 01 000        0.00       0.65      -1.83    -510.74      17.81     -15.63       4.38  123535.13
2010 04 05 00 20 01 000        0.00       0.20      -1.52    -508.18      14.14      -4.19       4.56  150162.88
2010 04 05 00 25 01 000        0.00      -0.15      -0.72    -506.98       6.05      -4.36       4.86  113428.07
2010 04 05 00 30 01 000        0.00      -2.26       0.39    -504.99     -12.55       0.99       4.81  117078.44
2010 04 05 00 35 01 000        0.00      -3.34       1.34    -512.54     -13.11      20.17       4.64  159754.13
2010 04 05 00 40 01 000        0.00       1.15       3.26    -535.81      20.53      39.99       4.29  150550.69
2010 04 05 00 45 01 000        0.00       2.25       5.14    -535.86      25.75      50.57       4.05  127610.07
2010 04 05 00 50 01 000        0.00       0.15       4.98    -526.00       9.59      45.15       3.93  116345.05
2010 04 05 00 55 01 000        0.00      -0.57       4.43    -522.38      -4.93      39.50       4.35  136669.63
2010 04 05 01 00 01 000        0.00      -1.78       3.93    -516.39     -17.86      31.65       4.75  153094.33
2010 04 05 01 05 01 000        0.00      -1.90       1.94    -504.39      -8.82      14.77       4.74  122728.55
2010 04 05 01 10 01 000        0.00      -0.90       1.05    -499.95      -2.66      10.81       4.77  105653.07
2010 04 05 01 15 01 000        0.00      -0.69       0.78    -499.15      -0.85       7.16       4.83  101669.66
2010 04 05 01 20 01 000        0.00      -1.69      -1.74    -505.19      -3.75     -16.68       4.79  118055.47
2010 04 05 01 25 01 000        0.00      -1.65      -1.74    -514.36     -20.78     -18.35       4.69  170000.55
2010 04 05 01 30 01 000        0.00      -1.96       3.25    -532.16     -23.28      22.33       4.64  169324.16
2010 04 05 01 35 01 000        0.00      -1.53       6.58    -570.27      -8.96      41.91       3.89  120218.11
2010 04 05 01 40 01 000        0.00      -0.11       4.38    -537.89       7.37      33.91       4.29  156741.26
2010 04 05 01 45 01 000        0.00      -1.01       2.61    -506.72       6.98      34.19       5.06  162375.00
2010 04 05 01 50 01 000        0.00      -0.60       4.32    -559.70       6.57      39.41       4.24  122658.65
2010 04 05 01 55 01 000        0.00      -0.22       6.69    -564.94      18.83      59.61       4.59  147261.38
2010 04 05 02 00 01 000        0.00      -0.90       5.54    -535.02      10.32      48.58       4.64  133587.83
2010 04 05 02 05 01 000        0.00      -1.68      -1.51    -524.80      -8.44     -21.00       4.08  153659.57
2010 04 05 02 10 01 000        0.00      -2.09      -3.46    -518.95       5.56     -36.94       4.62  173805.79
2010 04 05 02 15 01 000        0.00       0.38      -0.86    -515.68      23.54     -11.49       4.72  142184.04
2010 04 05 02 20 01 000        0.00       0.70      -2.62    -512.77      13.60     -23.69       4.77  149904.05
2010 04 05 02 25 01 000        0.00      -1.79      -2.89    -514.38      -3.90     -23.53       4.63  146541.77
2010 04 05 02 30 01 000        0.00      -1.87      -3.57    -519.22     -11.00     -32.10       4.32  154185.89
2010 04 05 02 35 01 000        0.00      -0.67      -4.91    -536.28       5.97     -50.00       4.49  180981.06
2010 04 05 02 40 01 000        0.00      -1.29      -2.11    -522.86       2.55     -19.79       4.27  147199.82
2010 04 05 02 45 01 000        0.00      -2.76      -0.45    -501.17     -13.60      -4.34       4.32  104602.50
2010 04 05 02 50 01 000        0.00      -2.77      -0.09    -510.17     -13.78      -3.88       5.01  141067.48
2010 04 05 02 55 01 000        0.00      -1.32      -1.89    -509.97      -2.49     -14.53       5.10  143080.36
2010 04 05 03 00 01 000        0.00      -0.78      -1.73    -518.77      14.67     -20.76       4.71  121181.46
2010 04 05 03 05 01 000        0.00      -1.79       2.13    -520.40      -2.07      18.12       4.65  149059.80
2010 04 05 03 10 01 000        0.00      -3.11      -0.18    -509.65     -22.15       0.74       4.72  144979.60
2010 04 05 03 15 01 000        0.00      -3.52      -2.78    -521.49     -19.86     -30.23       4.38  156033.72
2010 04 05 03 20 01 000        0.00      -2.60      -3.30    -527.52     -12.67     -33.02       4.10  159021.74
2010 04 05 03 25 01 000        0.00      -2.63      -2.77    -523.03      -6.82     -31.14       4.12  158808.51
2010 04 05 03 30 01 000        0.00      -3.49      -0.43    -516.07     -21.06      -6.08       4.25  163198.59
2010 04 05 03 35 01 000        0.00      -3.89       2.01    -509.60     -30.38      15.26       4.30  113949.26
2010 04 05 03 40 01 000        0.00      -3.14       4.20    -519.31     -13.40      31.06       4.06  144430.14
2010 04 05 03 45 01 000        0.00      -2.68      -0.26    -528.82      -7.27      -1.16       3.97  190144.71
2010 04 05 03 50 01 000        0.00      -2.57      -3.68    -530.01      -1.06     -31.65       3.96  165944.28
2010 04 05 03 55 01 000        0.00      -1.55      -2.73    -533.87       8.90     -21.77       3.97  173135.48
2010 04 05 04 00 01 000        0.00      -2.15      -3.16    -541.51       0.49     -29.88       4.32  210990.70
2010 04 05 04 05 01 000        0.00      -0.89      -3.32    -545.84       9.60     -36.03       4.30  201678.70
2010 04 05 04 10 01 000        0.00       0.35      -3.03    -537.74      13.06     -27.28       4.15  171333.95
2010 04 05 04 15 01 000        0.00      -2.95      -1.60    -535.37     -10.75     -18.15       4.45  245340.95
2010 04 05 04 20 01 000        0.00      -3.76      -1.18    -536.34     -15.72     -15.69       4.41  270498.81
2010 04 05 04 25 01 000        0.00      -3.54      -1.00    -532.25     -16.33     -15.06       4.14  187950.95
2010 04 05 04 30 01 000        0.00      -4.22      -1.31    -539.19     -21.71     -20.53       4.18  182359.83
2010 04 05 04 35 01 000        0.00      -3.20      -2.68    -534.48     -15.18     -29.51       4.38  208547.10
2010 04 05 04 40 01 000        0.00      -2.78      -2.93    -532.55      -8.46     -33.91       4.53  208557.30
2010 04 05 04 45 01 000        0.00      -1.84      -4.11    -550.99      -1.33     -39.17       4.55  183703.76
2010 04 05 04 50 01 000        0.00      -2.00      -3.88    -548.40      -1.55     -34.44       4.42  161770.88
2010 04 05 04 55 01 000        0.00      -3.98      -2.71    -536.27     -18.18     -27.05       4.38  161290.27
2010 04 05 05 00 01 000        0.00      -4.94      -1.98    -539.83     -26.33     -14.18       4.49  154392.65
2010 04 05 05 05 01 000        0.00      -5.44      -0.21    -537.33     -24.72      -4.16       4.44  161145.13
2010 04 05 05 10 01 000        0.00      -5.24       0.34    -530.18     -32.01      -3.02       4.30  162272.51
2010 04 05 05 15 01 000        0.00      -5.18       0.63    -531.36     -38.82      -1.80       4.11  161636.34
2010 04 05 05 20 01 000        0.00      -4.77      -0.57    -526.60     -24.95     -15.16       4.72  188342.29
2010 04 05 05 25 01 000        0.00      -5.11       0.91    -530.82     -20.81      -6.49       4.91  191783.81
2010 04 05 05 30 01 000        0.00      -4.20       2.33    -528.63     -26.06      -6.70       4.57  169715.08
2010 04 05 05 35 01 000        0.00       0.21      -1.44    -508.15      14.26     -23.43       5.20  127580.59
2010 04 05 05 40 01 000        0.00      -1.89       0.84    -522.48       5.71       0.04       4.54  107226.57
2010 04 05 05 45 01 000        0.00      -5.28       1.80    -533.34     -34.86       3.74       4.04  166037.74
2010 04 05 05 50 01 000        0.00      -4.06       0.79    -526.06     -18.12       0.15       4.53  180065.47
2010 04 05 05 55 01 000        0.00      -4.73       3.02    -531.18     -22.24      11.44       4.05  165001.75
2010 04 05 06 00 01 000        0.00      -4.07       1.69    -521.35     -18.94       6.00       3.95  186576.23
2010 04 05 06 05 01 000        0.00      -3.15       2.90    -518.22      -4.64       8.43       3.92  184002.74
2010 04 05 06 10 01 000        0.00      -3.02       3.46    -517.87     -12.38      15.11       3.90  170883.99
2010 04 05 06 15 01 000        0.00      -2.40       3.24    -510.74      -8.00      19.46       4.10  157610.48
2010 04 05 06 20 01 000        0.00      -2.08       4.62    -517.47      -1.53      21.03       4.01  178447.41
2010 04 05 06 25 01 000        0.00      -1.30       3.87    -517.18       5.84      21.15       4.07  188543.34
2010 04 05 06 30 01 000        0.00      -1.38       3.68    -511.52      11.70      16.13       4.23  195627.14
2010 04 05 06 35 01 000        0.00      -2.00       3.61    -517.84       7.19      16.12       4.31  207839.23
2010 04 05 06 40 01 000        0.00      -2.89       4.85    -525.64      -4.77      26.82       4.25  172671.56
2010 04 05 06 45 01 000        0.00      -2.99       3.54    -527.38      -7.78      13.57       4.07  201241.87
2010 04 05 06 50 01 000        0.00      -2.05      -0.14    -525.90       9.17      -8.91       3.87  204895.51
2010 04 05 06 55 01 000        0.00      -1.07      -0.90    -530.57      21.63     -17.26       3.74  169931.16
2010 04 05 07 00 01 000        0.00      -0.94      -2.15    -534.22      22.45     -21.23       3.62  218218.57
2010 04 05 07 05 01 000        0.00      -1.40      -2.85    -537.47      23.97     -27.16       3.61  221584.91
2010 04 05 07 10 01 000        0.00       2.25      -2.50    -555.74      37.78     -28.62       3.80  213308.97
2010 04 05 07 15 01 000        0.00       3.18      -2.35    -560.47      43.63     -20.55       3.96  234721.18
2010 04 05 07 20 01 000        0.00       0.94      -2.55    -566.10      43.70     -17.96       3.85  218149.90
2010 04 05 07 25 01 000        0.00       3.14      -3.38    -585.52      57.96     -13.84       3.65  204644.24
2010 04 05 07 30 01 000        0.00       0.97      -2.66    -577.66      38.92      -8.97       3.71  175060.11
2010 04 05 07 35 01 000        0.00      -1.58      -2.67    -568.95      14.81     -18.78       3.78  160021.99
2010 04 05 07 40 01 000        0.00       0.93      -3.32    -572.71      28.11     -20.27       3.93  196005.31
2010 04 05 07 45 01 000        0.00       1.35      -3.13    -573.28      38.50     -23.13       3.90  181107.02
2010 04 05 07 50 01 000        0.00      -0.28      -3.43    -572.00      31.52     -24.45       3.66  168028.37
2010 04 05 07 55 01 000        0.00      -2.42      -1.99    -565.18       5.38      -4.85       3.80  174674.75
2010 04 05 08 00 01 000        0.00      -3.16      -1.73    -567.12     -17.01     -13.15       3.93  172861.33
2010 04 05 08 05 01 000        0.00      -1.62      -2.92    -570.51       4.21     -24.34       3.94  194107.89
2010 04 05 08 10 01 000        0.00       0.37      -3.68    -578.07      31.47     -19.96       3.99  183575.56
2010 04 05 08 15 01 000        0.00       0.46      -4.84    -589.45      29.71     -24.96       4.40  244085.24
2010 04 05 08 20 01 000        0.00       0.28      -3.32    -562.43      48.52     -10.62       4.34  229770.45
2010 04 05 08 25 01 000        0.00       3.89      -5.78    -611.59      64.61     -22.73       5.39  315410.85
2010 04 05 08 30 01 000        0.00       8.73     -10.97    -729.74      70.10     -36.10       8.70  585780.27
2010 04 05 08 35 01 000        0.00       8.36     -10.88    -739.61      87.12     -22.59       9.77  545046.50
2010 04 05 08 40 01 000        0.00       7.42     -11.26    -741.86      87.22     -24.26       9.01  512688.33
2010 04 05 08 45 01 000        0.00       9.40      -9.62    -729.67      93.16     -16.36      10.16  740454.26
2010 04 05 08 50 01 000        0.00       6.14      -8.59    -697.59      78.11     -46.59      11.52 1249838.23
2010 04 05 08 55 01 000        0.00       4.42     -10.77    -723.84      67.37     -58.45      11.22 1395353.27
2010 04 05 09 00 01 000        0.00       6.07      -9.32    -695.86      83.67     -27.76      10.49  969220.21
2010 04 05 09 05 01 000        0.00       1.06      -9.45    -685.82      65.53     -49.31      10.76 1206571.54
2010 04 05 09 10 01 000        0.00      -4.89      -8.18    -715.52      36.70     -40.64      11.30 1467515.27
2010 04 05 09 15 01 000        0.00      -9.37       0.64    -718.92     -18.63       5.84      11.55 1315791.53
2010 04 05 09 20 01 000        0.00     -13.10       3.75    -713.39     -50.46      25.20      10.72 1190297.95
2010 04 05 09 25 01 000        0.00     -11.18       2.25    -691.89     -12.56      49.49       9.46  799893.27
2010 04 05 09 30 01 000        0.00     -10.60       7.14    -711.04      -8.15      49.53      10.62  922261.94
2010 04 05 09 35 01 000        0.00     -12.30      -0.78    -723.67     -13.46       3.29      10.92 1068250.78
2010 04 05 09 40 01 000        0.00      -7.98     -13.10    -722.54       9.15     -21.98      10.16  868120.18
2010 04 05 09 45 01 000        0.00      -4.91     -12.56    -740.04      17.17     -19.08       9.78  812972.30
2010 04 05 09 50 01 000        0.00      -3.03     -17.70    -729.04      30.91     -43.23       8.45  580676.69
2010 04 05 09 55 01 000        0.00      -0.91      -6.16    -725.15      35.81       4.72      10.05 1022161.08
2010 04 05 10 00 01 000        0.00      -7.60       8.74    -740.63       6.96      72.02      11.11 1273222.77
2010 04 05 10 05 01 000        0.00     -11.13       3.33    -748.63       5.70      55.13      10.01  797009.21
2010 04 05 10 10 01 000        0.00      -6.27       9.40    -726.27      31.85      85.01      10.56  893290.05
2010 04 05 10 15 01 000        0.00      -8.33       8.19    -724.75      11.03      84.89      10.43  846853.90
2010 04 05 10 20 01 000        0.00     -12.12       1.13    -755.18     -21.43      51.55      10.53  794644.63
2010 04 05 10 25 01 000        0.00      -9.38       4.37    -744.63      -4.02      59.32      10.45  891392.40
2010 04 05 10 30 01 000        0.00     -11.00       0.27    -740.89      -6.37      41.41       9.94  769953.84
2010 04 05 10 35 01 000        0.00     -12.26      -0.06    -739.56     -17.42      44.27      10.10  833027.72
2010 04 05 10 40 01 000        0.00      -6.50       8.17    -725.74       3.88      63.10       9.78  771911.63
2010 04 05 10 45 01 000        0.00      -8.97       2.23    -738.32     -18.76      35.71       9.66  792294.55
2010 04 05 10 50 01 000        0.00     -10.58      -3.01    -735.17     -36.48       0.77       9.35  871681.00
2010 04 05 10 55 01 000        0.00      -4.69      10.21    -717.30     -21.51      40.41       9.34  739555.36
2010 04 05 11 00 01 000        0.00      -9.66       8.34    -709.53     -32.63      68.70       9.09  858268.72
2010 04 05 11 05 01 000        0.00     -13.49       1.22    -713.37     -33.25      57.95       8.45  979515.27
2010 04 05 11 10 01 000        0.00     -10.52       7.48    -712.76     -16.83     101.92       8.27  785396.97
2010 04 05 11 15 01 000        0.00     -11.91       3.09    -710.89     -14.24     108.23       6.89  767225.05
2010 04 05 11 20 01 000        0.00     -11.22       3.70    -721.73       9.81     123.62       6.54  740628.41
2010 04 05 11 25 01 000        0.00      -7.32      15.34    -721.71      55.95     151.24       6.02  532392.89
2010 04 05 11 30 01 000        0.00      -4.27      17.41    -726.91      61.91     100.47       4.98  455996.62
2010 04 05 11 35 01 000        0.00      -2.23      17.18    -740.19      39.78      60.00       9.67  247322.64
2010 04 05 11 40 01 000        0.00      -4.64      16.95    -744.24      25.65      41.60      12.58  207500.79
2010 04 05 11 45 01 000        0.00      -5.88      16.03    -740.80      28.22      51.62      12.09  436950.32
2010 04 05 11 50 01 000        0.00      -6.20      16.68    -739.28      28.87      44.85      14.22  280685.10
2010 04 05 11 55 01 000        0.00      -8.34      15.25    -742.07      22.22      27.18      14.21  106226.29
2010 04 05 12 00 01 000        0.00      -7.67      15.62    -741.76      25.35      39.42      13.37  147534.21
2010 04 05 12 05 01 000        0.00     -11.71      13.79    -739.05       8.34      20.29      13.81  123240.64
2010 04 05 12 10 01 000        0.00      -9.32      13.57    -737.84       6.82      12.66      13.80  101900.25
2010 04 05 12 15 01 000        0.00      -5.91      17.93    -742.85      36.55      25.59      15.83   84657.77
2010 04 05 12 20 01 000        0.00      -4.96      13.91    -742.23      39.35      25.09      16.44   90553.68
2010 04 05 12 25 01 000        0.00      10.18      16.73    -746.37      27.65      13.21      10.39   98088.53
2010 04 05 12 30 01 000        0.00       2.50      16.64    -753.34      17.03      13.49       7.37   97218.45
2010 04 05 12 35 01 000        0.00     -17.97       2.18    -742.08       5.76      25.98       9.06   92280.01
2010 04 05 12 40 01 000        0.00     -18.91       1.74    -747.41      12.30      11.31       8.45   61961.83
2010 04 05 12 45 01 000        0.00     -18.56       3.85    -759.00      16.40      33.78       8.93   74071.34
2010 04 05 12 50 01 000        0.00     -15.64       4.36    -748.13      -4.18      53.37      12.33   79493.97
2010 04 05 12 55 01 000        0.00     -15.49       7.66    -746.45     -13.15      38.62       9.75   96021.72
2010 04 05 13 00 01 000        0.00     -17.63       0.13    -755.76     -20.42      50.42       6.39  123412.08
2010 04 05 13 05 01 000        0.00     -16.16      -2.59    -759.95     -15.22      25.07      11.97   75896.39
2010 04 05 13 10 01 000        0.00     -17.93       2.00    -760.40       3.51      16.24      11.14   52112.52
2010 04 05 13 15 01 000        0.00     -17.62       2.66    -769.83       6.95      36.26       8.77   54208.17
2010 04 05 13 20 01 000        0.00     -17.22       2.38    -786.93       5.63      13.47       8.95   46739.59
2010 04 05 13 25 01 000        0.00     -17.13       0.93    -798.00      -2.77       4.99       6.50   56150.83
2010 04 05 13 30 01 000        0.00     -16.12       0.38    -799.45      16.64       5.59       7.82   47618.52
2010 04 05 13 35 01 000        0.00     -15.96       0.93    -797.04      15.19       7.24       6.79   45665.83
2010 04 05 13 40 01 000        0.00     -15.25       1.26    -807.00      -2.09       4.17       7.67   45561.87
2010 04 05 13 45 01 000        0.00     -14.75       1.88    -812.91       8.42      -4.57       9.34   42682.92
2010 04 05 13 50 01 000        0.00     -13.82       1.12    -809.58      -3.41      12.20       7.35   48122.10
2010 04 05 13 55 01 000        0.00     -13.80       0.02    -810.79      -5.33      19.09       5.77   51313.18
2010 04 05 14 00 01 000        0.00     -13.81      -0.96    -816.57      -3.06      18.52       4.79   51781.16
2010 04 05 14 05 01 000        0.00     -13.61      -1.14    -820.77      -6.90      17.30       7.99   36964.96
2010 04 05 14 10 01 000        0.00     -14.00       0.04    -813.29       0.97       6.91       8.86   32741.65
2010 04 05 14 15 01 000        0.00     -13.18       0.86    -806.72       2.73       1.21       8.57   36205.35
2010 04 05 14 20 01 000        0.00     -12.36       0.86    -805.19       6.78       2.50      11.42   30461.93
2010 04 05 14 25 01 000        0.00     -11.76      -0.16    -808.75       5.82       4.31      11.37   33210.22
2010 04 05 14 30 01 000        0.00     -11.65      -0.78    -811.66       3.21      -3.83      10.57   33631.41
2010 04 05 14 35 01 000        0.00     -11.83       0.28    -807.04       4.55      -5.59      10.57   29164.08
2010 04 05 14 40 01 000        0.00     -11.73       0.88    -801.68       0.07       0.15       8.78   33808.24
2010 04 05 14 45 01 000        0.00     -12.21       0.03    -799.32       0.35       0.54       6.82   39091.75
2010 04 05 14 50 01 000        0.00     -12.32      -0.47    -792.85      -2.08      -2.69       6.87   36277.52
2010 04 05 14 55 01 000        0.00     -12.35      -0.35    -777.84     -10.75      -2.25       5.84   35421.71
2010 04 05 15 00 01 000        0.00     -12.47       0.39    -771.55     -13.39       6.54       4.36   36950.75
2010 04 05 15 05 01 000        0.00     -12.30       0.80    -767.00      -8.70       3.05       4.67   35912.08
2010 04 05 15 10 01 000        0.00     -12.18       0.48    -760.63      -2.17       3.10       5.08   35462.60
2010 04 05 15 15 01 000        0.00     -12.11       0.97    -760.22      -4.63       8.68       4.78   37944.81
2010 04 05 15 20 01 000        0.00     -12.04       0.34    -754.28      -5.79      -6.58       5.96   40603.89
2010 04 05 15 25 01 000        0.00     -11.99      -0.19    -750.51      -0.34      -3.85       7.02   34835.31
2010 04 05 15 30 01 000        0.00     -12.12       0.75    -749.46       2.20       3.31       5.03   35221.28
2010 04 05 15 35 01 000        0.00     -11.75       1.17    -746.59       8.02      -1.23       5.07   47175.82
2010 04 05 15 40 01 000        0.00     -11.53       0.98    -738.13       3.48       5.87       5.20   41322.98
2010 04 05 15 45 01 000        0.00     -11.39      -0.09    -729.51      -3.92      -4.72       3.42   31656.06
2010 04 05 15 50 01 000        0.00     -10.82      -0.48    -729.58      -2.19     -15.37       3.86   37360.87
2010 04 05 15 55 01 000        0.00     -10.59      -0.26    -730.99      -8.98     -16.90       3.87   36562.24
2010 04 05 16 00 01 000        0.00     -10.00      -0.68    -735.45     -20.81     -29.33       3.22   32265.99
2010 04 05 16 05 01 000        0.00     -10.12      -0.95    -733.58     -12.92     -30.61       3.81   34031.59
2010 04 05 16 10 01 000        0.00     -11.05      -0.52    -730.73       5.65     -22.72       3.94   29657.63
2010 04 05 16 15 01 000        0.00     -10.77      -0.16    -738.34      -1.64     -22.18       3.58   25429.85
2010 04 05 16 20 01 000        0.00     -10.25      -0.66    -744.06      -8.50     -27.52       3.46   29779.67
2010 04 05 16 25 01 000        0.00     -10.24      -0.45    -743.57      -4.42     -20.96       3.43   31316.81
2010 04 05 16 30 01 000        0.00     -10.05      -0.18    -735.32      -9.32     -14.15       4.22   28330.41
2010 04 05 16 35 01 000        0.00      -9.94      -0.68    -721.91       0.88     -11.77       4.60   26482.81
2010 04 05 16 40 01 000        0.00      -9.90      -0.59    -718.73      -7.49      -5.44       4.36   30892.13
2010 04 05 16 45 01 000        0.00      -9.66      -0.89    -720.13     -23.09     -14.06       5.38   31394.93
2010 04 05 16 50 01 000        0.00      -9.52      -0.51    -709.20      -2.05     -10.18       6.03   35953.41
2010 04 05 16 55 01 000        0.00      -9.79       0.58    -705.21       6.18      -5.45       4.42   46179.46
2010 04 05 17 00 01 000        0.00     -10.12       0.73    -712.47       0.11      -9.98       2.94   42362.30
2010 04 05 17 05 01 000        0.00      -9.53       1.18    -711.27      13.62      -2.25       3.74   63685.62
2010 04 05 17 10 01 000        0.00      -8.93       1.13    -706.52      38.05      -4.93       4.93   94686.88
2010 04 05 17 15 01 000        0.00      -8.62       1.20    -701.78      51.34      -3.16       5.57   91147.49
2010 04 05 17 20 01 000        0.00      -8.28       1.74    -701.13      46.42      -0.04       6.48   77935.52
2010 04 05 17 25 01 000        0.00      -8.29       1.52    -707.72      43.35      -4.04       6.84   75946.26
2010 04 05 17 30 01 000        0.00      -7.67       2.73    -707.48      47.54       0.95       6.97   83700.06
2010 04 05 17 35 01 000        0.00      -8.31       2.67    -703.80      25.99      -0.83       5.40   58654.29
2010 04 05 17 40 01 000        0.00      -9.65       1.45    -710.92      18.29      -7.87       3.04   47078.29
2010 04 05 17 45 01 000        0.00      -8.52       2.65    -710.65      53.97      -6.07       5.39   79947.91
2010 04 05 17 50 01 000        0.00      -7.75       3.10    -699.29      55.17      -4.63       7.61   70401.74
2010 04 05 17 55 01 000        0.00      -8.12       2.91    -702.75      42.18     -10.50       7.09   53802.38
2010 04 05 18 00 01 000        0.00      -7.63       2.92    -711.44      48.29     -11.21       8.62   63988.01
2010 04 05 18 05 01 000        0.00      -7.86       2.70    -710.19      40.90      -7.82       7.47   57897.81
2010 04 05 18 10 01 000        0.00      -8.24       2.76    -710.12      38.64      -8.81       6.14   48641.46
2010 04 05 18 15 01 000        0.00      -7.38       2.38    -709.74      47.12      -9.80      10.21   50524.92
2010 04 05 18 20 01 000        0.00      -7.28       2.64    -709.83      46.72      -8.06      10.24   52856.23
2010 04 05 18 25 01 000        0.00      -7.68       3.15    -709.57      42.48      -4.48       7.33   52868.26
2010 04 05 18 30 01 000        0.00      -7.42       3.33    -705.12      43.27     -11.53       8.05   57733.24
2010 04 05 18 35 01 000        0.00      -7.23       3.46    -704.00      46.54     -15.01       7.79   62830.72
2010 04 05 18 40 01 000        0.00      -7.40       2.71    -705.55      44.03      -9.25       5.62   70011.07
2010 04 05 18 45 01 000        0.00      -7.61       1.93    -706.17      41.51     -10.75       5.26   79985.33
2010 04 05 18 50 01 000        0.00      -7.94       1.70    -700.94      40.75      -4.93       5.71   65200.47
2010 04 05 18 55 01 000        0.00      -8.34       1.57    -703.28      35.79      -1.16       4.15   49347.43
2010 04 05 19 00 01 000        0.00      -8.35       1.77    -710.75      28.09     -13.36       3.46   52190.64
2010 04 05 19 05 01 000        0.00      -8.35       1.89    -704.43       9.06     -24.24       3.84   42814.09
2010 04 05 19 10 01 000        0.00      -8.40       1.60    -700.54       3.76     -18.76       3.80   37421.51
2010 04 05 19 15 01 000        0.00      -8.32       1.56    -697.97      14.64      -3.81       3.87   41111.27
2010 04 05 19 20 01 000        0.00      -8.34       1.24    -694.01      19.20      -0.48       3.49   45289.75
2010 04 05 19 25 01 000        0.00      -7.85       0.75    -690.80      31.39      -5.57       4.17   66756.24
2010 04 05 19 30 01 000        0.00      -7.21       1.03    -680.97      47.77      -4.47       4.80   85133.93
2010 04 05 19 35 01 000        0.00      -6.65       1.13    -678.21      60.44      -2.95       5.97   85105.98
2010 04 05 19 40 01 000        0.00      -6.40       0.81    -680.93      53.02      -3.26       6.44   82250.69
2010 04 05 19 45 01 000        0.00      -7.11       0.35    -687.31      42.36       2.67       4.90   82711.68
2010 04 05 19 50 01 000        0.00      -7.24       0.37    -690.73      45.70       3.14       5.24   82275.26
2010 04 05 19 55 01 000        0.00      -7.09       0.94    -683.70      41.46      -2.27       5.36   81671.74
2010 04 05 20 00 01 000        0.00      -7.08       0.94    -679.77      44.12       0.16       5.07   81445.00
2010 04 05 20 05 01 000        0.00      -6.83       0.86    -677.35      50.51       5.21       4.99   84151.70
2010 04 05 20 10 01 000        0.00      -7.28       0.90    -676.17      46.36       8.37       3.88   82868.54
2010 04 05 20 15 01 000        0.00      -7.16       1.13    -672.64      45.26       8.50       3.78   61742.72
2010 04 05 20 20 01 000        0.00      -6.48       1.00    -669.92      56.10      12.78       4.45   75921.04
2010 04 05 20 25 01 000        0.00      -6.79       0.61    -670.24      41.67      10.85       4.38   79803.34
2010 04 05 20 30 01 000        0.00      -7.07       1.16    -662.99      22.04       4.88       3.60   44598.77
2010 04 05 20 35 01 000        0.00      -6.68       1.38    -664.25      52.98      13.20       4.42   86127.93
2010 04 05 20 40 01 000        0.00      -6.41       0.85    -669.51      71.10      12.35       5.42  101180.41
2010 04 05 20 45 01 000        0.00      -6.56       0.52    -665.85      71.16      13.39       4.90   68089.00
2010 04 05 20 50 01 000        0.00      -6.61       0.49    -667.57      73.10      18.12       5.86   68530.60
2010 04 05 20 55 01 000        0.00      -6.58       0.46    -672.18      62.23       8.92       7.49   53819.60
2010 04 05 21 00 01 000        0.00      -6.48       0.04    -673.86      60.68      10.30       7.66   52338.76
2010 04 05 21 05 01 000        0.00      -6.10      -0.53    -674.07      60.04      11.82       7.08   56450.12
2010 04 05 21 10 01 000        0.00      -6.13      -0.83    -673.45      58.65      12.94       6.60   56803.89
2010 04 05 21 15 01 000        0.00      -6.28      -1.05    -673.85      56.28      18.24       6.22   60421.43
2010 04 05 21 20 01 000        0.00      -6.77      -0.84    -670.61      59.74      12.10       5.55   43180.15
2010 04 05 21 25 01 000        0.00      -6.67      -0.64    -668.80      64.26      15.12       6.00   37863.62
2010 04 05 21 30 01 000        0.00      -5.69      -1.40    -671.92      57.45      19.31       6.79   49775.83
2010 04 05 21 35 01 000        0.00      -4.55      -1.96    -679.44      46.66      21.05       6.52   45241.24
2010 04 05 21 40 01 000        0.00      -1.99      -2.10    -687.95      35.68      34.23       6.35   39447.81
2010 04 05 21 45 01 000        0.00      -0.86      -2.53    -686.98      34.55      37.60       5.71   45535.15
2010 04 05 21 50 01 000        0.00      -1.15      -2.62    -686.81      31.32      36.24       5.57   42486.32
2010 04 05 21 55 01 000        0.00      -1.44      -2.40    -686.02      32.48      41.68       6.03   40858.98
2010 04 05 22 00 01 000        0.00      -2.46      -2.18    -679.72      36.04      37.48       5.13   44969.65
2010 04 05 22 05 01 000        0.00      -2.22      -1.95    -677.44      37.37      19.31       4.64   45072.87
2010 04 05 22 10 01 000        0.00      -2.16      -2.12    -673.66      50.31      16.68       5.13   42650.58
2010 04 05 22 15 01 000        0.00      -2.47      -2.27    -672.35      50.44      25.08       5.37   45750.67
2010 04 05 22 20 01 000        0.00      -2.73      -2.28    -674.12      46.33      26.48       5.71   49842.74
2010 04 05 22 25 01 000        0.00      -3.21      -2.35    -670.32      55.27      34.63       6.17   39761.65
2010 04 05 22 30 01 000        0.00      -2.60      -2.07    -669.50      57.76      37.67       6.51   37022.25
2010 04 05 22 35 01 000        0.00      -2.65      -1.78    -672.43      52.22      36.67       7.11   40026.47
2010 04 05 22 40 01 000        0.00      -2.72      -1.75    -669.66      58.20      36.80       7.60   38135.85
2010 04 05 22 45 01 000        0.00      -2.86      -1.44    -668.64      61.89      33.09       7.45   42364.80
2010 04 05 22 50 01 000        0.00      -3.26      -1.45    -671.28      56.54      33.38       7.55   50685.58
2010 04 05 22 55 01 000        0.00      -2.49      -1.92    -666.16      66.43      25.81       7.47   53047.04
2010 04 05 23 00 01 000        0.00      -2.67      -1.78    -658.29      59.11      16.73       5.88   44925.26
2010 04 05 23 05 01 000        0.00      -2.90      -1.91    -656.18      45.71      14.63       4.83   59910.17
2010 04 05 23 10 01 000        0.00      -2.87      -1.96    -657.90      60.62      18.62       5.25   68552.43
2010 04 05 23 15 01 000        0.00      -2.83      -1.97    -659.73      61.79      24.90       5.34   44208.38
2010 04 05 23 20 01 000        0.00      -2.14      -2.56    -657.21      50.65      20.31       5.23   52243.27
2010 04 05 23 25 01 000        0.00      -2.94      -2.31    -651.85      51.15      23.40       5.63   56018.08
2010 04 05 23 30 01 000        0.00      -2.80      -2.61    -650.51      53.28      28.58       6.26   36615.41
2010 04 05 23 35 01 000        0.00      -1.68      -3.09    -650.38      51.66      28.42       6.37   39152.46
2010 04 05 23 40 01 000        0.00      -1.98      -3.02    -648.76      47.59      31.23       6.23   37843.83
2010 04 05 23 45 01 000        0.00      -1.99      -3.35    -648.70      46.77      28.27       6.99   29484.83
2010 04 05 23 50 01 000        0.00      -1.82      -3.05    -648.81      47.83      27.15       7.65   27425.75
2010 04 05 23 55 01 000        0.00      -1.67      -2.78    -649.84      49.10      28.34       7.46   32396.85
